0.0
18.0
454.0
314.0
0.0
0.0
551.0
551.0
551.0
470.0
305.0
191.0
440.0
768.0
768.0
632.0
768.0
714.0
575.0
396.0
401.0
401.0
315.0
401.0
401.0
1047.0
914.0
577.0
613.0
819.0
456.0
414.0
1142.0
624.0
994.0
927.0
141.0
1028.0
1074.0
603.0
370.0
1012.0
895.0
702.0
580.0
321.0
282.0
388.0
388.0
282.0
82.0
639.0
727.0
82.0
0.0
24.0
282.0
24.0
545.0
545.0
517.0
0.0
236.0
531.0
531.0
370.0
781.0
781.0
781.0
613.0
410.0
706.0
538.0
645.0
645.0
645.0
547.0
245.0
878.0
660.0
302.0
646.0
658.0
390.0
698.0
698.0
827.0
794.0
765.0
814.0
812.0
738.0
601.0
628.0
570.0
560.0
1273.0
833.0
1188.0
1024.0
417.0
932.0
398.0
494.0
521.0
472.0
660.0
660.0
503.0
660.0
596.0
480.0
341.0
532.0
547.0
547.0
360.0
547.0
327.0
562.0
474.0
296.0
528.0
528.0
303.0
430.0
525.0
631.0
499.0
678.0
678.0
473.0
678.0
678.0
560.0
653.0
820.0
823.0
685.0
685.0
685.0
685.0
558.0
825.0
1003.0
1027.0
869.0
845.0
808.0
1199.0
680.0
1024.0
813.0
993.0
660.0
830.0
429.0
1368.0
1143.0
615.0
417.0
535.0
628.0
593.0
621.0
692.0
593.0
593.0
479.0
486.0
604.0
624.0
624.0
624.0
624.0
516.0
529.0
374.0
500.0
489.0
228.0
551.0
551.0
563.0
660.0
578.0
736.0
736.0
840.0
736.0
736.0
428.0
554.0
639.0
639.0
623.0
623.0
448.0
454.0
427.0
388.0
393.0
390.0
756.0
979.0
526.0
690.0
705.0
965.0
747.0
1144.0
765.0
1296.0
1254.0
643.0
490.0
973.0
1021.0
902.0
1165.0
736.0
736.0
653.0
929.0
725.0
827.0
724.0
588.0
639.0
702.0
720.0
666.0
586.0
523.0
507.0
776.0
748.0
748.0
576.0
569.0
771.0
520.0
849.0
585.0
538.0
509.0
435.0
452.0
679.0
786.0
719.0
818.0
482.0
482.0
744.0
1140.0
768.0
756.0
986.0
1008.0
774.0
957.0
1009.0
810.0
1030.0
569.0
1411.0
901.0
1324.0
758.0
1144.0
760.0
826.0
578.0
785.0
593.0
641.0
914.0
664.0
737.0
603.0
861.0
917.0
677.0
740.0
1121.0
782.0
893.0
788.0
1101.0
1094.0
990.0
1124.0
777.0
1303.0
1235.0
444.0
1060.0
1487.0
1071.0
911.0
926.0
1060.0
1303.0
769.0
1308.0
1404.0
812.0
879.0
1241.0
568.0
919.0
749.0
1065.0
967.0
928.0
1104.0
945.0
1155.0
1296.0
1003.0
1017.0
1483.0
1036.0
1480.0
578.0
809.0
1254.0
1217.0
711.0
1379.0
1760.0
1046.0
1169.0
1107.0
962.0
862.0
1278.0
1155.0
707.0
760.0
693.0
823.0
891.0
963.0
739.0
1001.0
1129.0
1318.0
1046.0
1124.0
879.0
1029.0
804.0
440.0
703.0
444.0
677.0
821.0
777.0
779.0
551.0
454.0
720.0
720.0
608.0
24.0
385.0
766.0
519.0
555.0
358.0
640.0
432.0
527.0
522.0
419.0
664.0
551.0
586.0
425.0
528.0
542.0
550.0
307.0
581.0
425.0
534.0
460.0
612.0
320.0
585.0
576.0
354.0
364.0
434.0
484.0
461.0
425.0
344.0
176.0
176.0
439.0
142.0
380.0
122.0
420.0
420.0
192.0
238.0
282.0
92.0
388.0
388.0
187.0
140.0
314.0
314.0
182.0
0.0
124.0
22.0
136.0
136.0
0.0
0.0
80.0
246.0
