21
22
23
21
22
23
24
22
22
23
24
22
23
24
22
23
22
23
22
23
24
22
23
22
23
24
22
23
24
22
23
22
23
24
22
23
24
23
23
24
16
17
18
19
16
17
18
19
19
18
19
20
18
19
20
19
19
20
21
19
20
21
20
20
21
20
21
21
21
21
21
21
22
22
1
2
3
4
1
2
3
4
7
8
9
10
6
8
9
10
12
13
14
12
13
14
12
13
15
16
17
15
16
17
15
16
17
18
16
17
18
17
18
18
19
18
19
19
20
19
20
19
20
20
20
20
21
21
22
1
2
1
2
3
1
2
3
4
5
6
7
4
5
6
7
9
10
8
9
10
8
9
10
12
13
11
12
13
14
12
13
14
15
16
14
15
14
15
16
17
15
16
17
17
18
17
18
18
19
18
19
19
20
1
2
0
1
2
0
1
2
3
4
5
3
4
5
4
5
6
7
8
6
7
8
7
8
9
10
9
10
11
9
10
11
12
13
11
12
13
12
13
14
15
14
15
16
15
16
16
17
17
18
18
19
0
1
2
0
1
2
3
3
4
3
4
5
6
5
6
8
7
8
9
7
8
9
10
11
10
11
11
12
13
12
13
14
14
14
15
16
15
16
17
17
0
1
0
1
2
2
3
4
5
4
5
6
7
6
7
8
9
8
9
10
11
10
12
13
12
13
14
14
15
15
16
16
0
1
0
1
2
3
4
3
4
5
6
5
6
7
8
7
9
10
10
11
11
12
13
14
15
0
1
2
2
3
4
5
6
7
8
9
9
10
11
12
12
13
13
14
0
1
2
3
4
5
6
7
8
9
10
11
1
2
3
4
5
6
7
8
9
10
20
21
19
20
21
22
21
21
20
21
14
15
13
14
15
16
17
17
18
0
0
1
2
0
4
5
6
5
6
11
9
10
11
11
14
16
-1
0
0
3
6
11
13
-1
0
18
-1
-1
17
-1
-1
0
-1
11
3
8
23
24
23
24
5
7
12
4
5
6
7
18
-1
11
-1
24
23
24
12
7
0
15
-1
-1
24
24
24
8
-1
3
-1
20
24
-1
-1
24
-1
-1
0
0
1
1
2
2
3
3
4
4
5
5
6
6
7
7
8
8
9
9
10
10
11
11
12
12
13
13
14
14
15
15
16
16
17
17
18
18
19
19
20
20
21
21
22
22
23
23
