0.0
152.0
356.0
356.0
56.0
56.0
394.0
484.0
484.0
394.0
430.0
482.0
492.0
699.0
699.0
695.0
611.0
715.0
654.0
470.0
712.0
712.0
708.0
712.0
712.0
622.0
515.0
917.0
518.0
500.0
556.0
478.0
1226.0
780.0
857.0
726.0
197.0
1027.0
1181.0
853.0
459.0
1556.0
1020.0
787.0
907.0
379.0
178.0
193.0
200.0
178.0
80.0
361.0
361.0
80.0
0.0
0.0
212.0
0.0
400.0
400.0
350.0
0.0
135.0
337.0
337.0
135.0
597.0
597.0
597.0
463.0
405.0
362.0
217.0
418.0
507.0
507.0
228.0
431.0
449.0
763.0
258.0
466.0
341.0
349.0
372.0
372.0
757.0
773.0
899.0
927.0
1008.0
843.0
746.0
774.0
841.0
625.0
1404.0
980.0
1096.0
1157.0
820.0
1129.0
305.0
421.0
419.0
422.0
425.0
425.0
422.0
425.0
311.0
426.0
404.0
699.0
827.0
827.0
567.0
714.0
496.0
660.0
467.0
596.0
751.0
751.0
645.0
513.0
824.0
824.0
383.0
602.0
602.0
629.0
602.0
602.0
741.0
539.0
552.0
681.0
514.0
514.0
514.0
514.0
831.0
676.0
529.0
838.0
593.0
552.0
531.0
1025.0
731.0
771.0
748.0
958.0
1078.0
932.0
584.0
1249.0
1296.0
959.0
647.0
230.0
288.0
312.0
328.0
555.0
312.0
312.0
613.0
660.0
739.0
653.0
653.0
653.0
653.0
468.0
692.0
522.0
581.0
740.0
241.0
690.0
690.0
662.0
566.0
652.0
609.0
609.0
832.0
609.0
609.0
603.0
613.0
792.0
808.0
791.0
791.0
863.0
956.0
915.0
713.0
589.0
616.0
1149.0
954.0
555.0
687.0
709.0
1046.0
960.0
1238.0
734.0
957.0
1227.0
499.0
837.0
699.0
803.0
761.0
913.0
494.0
494.0
618.0
901.0
640.0
771.0
766.0
416.0
469.0
629.0
808.0
536.0
404.0
386.0
357.0
926.0
1206.0
1262.0
765.0
717.0
1089.0
683.0
728.0
730.0
750.0
628.0
528.0
543.0
813.0
709.0
594.0
895.0
439.0
439.0
472.0
1164.0
930.0
1349.0
737.0
846.0
1195.0
819.0
1081.0
1195.0
1188.0
606.0
1174.0
557.0
1041.0
975.0
1191.0
711.0
826.0
635.0
980.0
750.0
765.0
1066.0
935.0
988.0
776.0
900.0
866.0
909.0
937.0
1077.0
719.0
1003.0
831.0
1066.0
1090.0
851.0
1132.0
605.0
982.0
1409.0
469.0
945.0
1295.0
769.0
1133.0
863.0
1209.0
1024.0
735.0
827.0
867.0
879.0
963.0
978.0
958.0
848.0
675.0
1400.0
1187.0
869.0
1209.0
1005.0
1338.0
1575.0
1308.0
1512.0
1370.0
712.0
1425.0
579.0
787.0
1312.0
1355.0
1032.0
1284.0
1405.0
989.0
786.0
1109.0
1170.0
936.0
1132.0
1659.0
930.0
676.0
798.0
963.0
734.0
1218.0
1095.0
1290.0
1411.0
1205.0
707.0
1194.0
876.0
1062.0
718.0
1058.0
622.0
854.0
969.0
707.0
679.0
955.0
338.0
300.0
281.0
281.0
183.0
86.0
341.0
596.0
505.0
507.0
231.0
425.0
601.0
701.0
242.0
545.0
655.0
433.0
372.0
737.0
673.0
570.0
581.0
508.0
372.0
736.0
408.0
442.0
519.0
352.0
218.0
372.0
396.0
330.0
359.0
216.0
366.0
529.0
121.0
8.0
62.0
260.0
0.0
125.0
111.0
228.0
228.0
237.0
106.0
161.0
258.0
107.0
107.0
372.0
122.0
86.0
228.0
3.0
88.0
106.0
97.0
34.0
0.0
82.0
0.0
128.0
152.0
