14
14
14
15
15
15
15
16
11
11
11
12
12
12
13
13
8
8
9
9
9
10
10
6
6
6
7
7
7
4
4
5
5
5
3
3
3
1
2
2
15
15
15
15
16
16
16
16
11
12
12
12
13
13
13
14
9
9
9
10
10
10
11
7
7
8
8
5
6
3
4
2
2
1
16
16
16
16
17
17
17
17
16
16
16
16
17
17
17
17
14
14
14
15
15
15
16
16
12
12
12
13
13
13
14
14
9
9
10
10
10
11
11
7
7
8
8
5
5
6
6
4
4
2
3
1
1
0
0
12
12
13
13
13
14
14
14
13
13
13
13
14
14
14
14
12
12
13
13
13
14
14
14
11
11
12
12
12
12
13
13
9
9
9
10
10
11
11
7
7
8
8
8
5
5
6
6
4
2
3
3
1
0
9
9
10
10
10
11
11
11
10
10
10
11
11
11
12
12
10
10
10
11
11
11
12
12
9
9
10
10
10
11
11
11
8
8
9
9
9
10
7
7
7
8
5
5
6
6
4
4
3
1
2
0
7
7
7
8
8
8
7
8
8
9
9
8
8
9
9
7
8
8
8
9
9
7
7
7
8
8
6
6
6
7
5
5
6
4
4
2
3
3
1
2
5
5
6
6
5
6
6
6
6
7
7
6
6
7
7
5
5
6
6
5
5
6
4
4
5
3
3
2
2
1
1
0
3
3
4
4
4
4
4
5
5
4
4
5
5
4
4
5
4
4
3
3
4
3
2
1
0
2
2
2
3
3
3
3
3
3
3
2
3
2
2
1
2
1
0
0
1
1
1
2
2
2
2
2
2
1
1
1
0
0
1
1
1
1
1
1
0
0
16
16
17
17
17
17
12
13
14
11
16
16
17
17
17
17
17
14
14
14
15
15
15
16
15
15
15
16
16
14
15
15
15
16
13
11
12
12
13
12
12
13
10
9
9
0
7
5
0
3
2
0
1
0
0
0
16
4
0
1
17
17
0
0
0
0
0
17
16
17
4
16
17
10
17
15
17
15
10
8
13
8
0
15
13
15
6
15
17
17
11
14
14
15
-2
-1
-2
-1
-2
-1
-2
-1
-2
-1
-2
-1
-2
-1
-2
-1
-2
-1
-2
-1
-2
-1
-2
-1
-2
-1
-2
-1
-2
-1
-2
-1
-2
-1
-2
-1
-2
-1
-2
-1
-2
-1
-2
-1
-2
-1
-2
-1
