0.0
618.0
784.0
660.0
948.0
1051.0
573.0
162.0
778.0
951.0
903.0
314.0
668.0
674.0
278.0
805.0
435.0
1212.0
1142.0
1199.0
933.0
531.0
1098.0
1026.0
1284.0
1178.0
230.0
1117.0
1037.0
495.0
1226.0
1295.0
1314.0
1253.0
460.0
1119.0
864.0
306.0
1006.0
1146.0
292.0
567.0
675.0
603.0
651.0
436.0
423.0
452.0
423.0
750.0
731.0
744.0
674.0
589.0
835.0
774.0
738.0
824.0
697.0
821.0
847.0
736.0
928.0
713.0
1155.0
1479.0
754.0
1067.0
1461.0
1501.0
1449.0
1534.0
1679.0
1232.0
1034.0
348.0
528.0
403.0
448.0
287.0
246.0
246.0
366.0
435.0
469.0
560.0
498.0
308.0
248.0
349.0
248.0
747.0
982.0
712.0
676.0
829.0
629.0
366.0
521.0
985.0
949.0
742.0
803.0
761.0
395.0
671.0
528.0
1051.0
1078.0
793.0
1016.0
1151.0
893.0
884.0
970.0
842.0
798.0
546.0
1469.0
1335.0
1363.0
1460.0
1304.0
1139.0
1510.0
1171.0
1429.0
1484.0
1273.0
1221.0
913.0
764.0
684.0
525.0
645.0
666.0
371.0
745.0
683.0
896.0
629.0
411.0
656.0
634.0
416.0
319.0
582.0
627.0
334.0
546.0
734.0
290.0
543.0
792.0
870.0
844.0
953.0
814.0
999.0
871.0
851.0
936.0
909.0
1009.0
993.0
961.0
996.0
934.0
892.0
857.0
893.0
897.0
861.0
773.0
1418.0
1189.0
1231.0
1264.0
1190.0
1574.0
1171.0
1252.0
1309.0
1199.0
757.0
1095.0
816.0
875.0
885.0
914.0
976.0
1041.0
826.0
882.0
708.0
766.0
897.0
769.0
921.0
830.0
820.0
965.0
924.0
680.0
918.0
839.0
714.0
750.0
978.0
925.0
1034.0
604.0
822.0
854.0
523.0
453.0
1234.0
1593.0
631.0
1275.0
1246.0
1032.0
1443.0
1132.0
859.0
1221.0
943.0
1278.0
853.0
1090.0
1259.0
1344.0
884.0
1344.0
1198.0
1194.0
1082.0
1310.0
1395.0
862.0
949.0
1339.0
1237.0
1480.0
1418.0
734.0
1171.0
1541.0
958.0
1279.0
900.0
1182.0
1173.0
1310.0
1398.0
1155.0
1093.0
1522.0
1059.0
948.0
829.0
722.0
912.0
737.0
843.0
1112.0
672.0
1131.0
983.0
1337.0
1175.0
1291.0
1223.0
1111.0
929.0
549.0
940.0
1316.0
983.0
1188.0
1326.0
1437.0
1290.0
1453.0
1687.0
1654.0
1674.0
1485.0
1384.0
1282.0
1242.0
1197.0
1220.0
965.0
1398.0
1216.0
1092.0
1270.0
1160.0
1055.0
1042.0
1085.0
1148.0
1108.0
1513.0
1430.0
740.0
504.0
788.0
1337.0
1109.0
1373.0
1492.0
1339.0
1464.0
1319.0
1525.0
1391.0
1169.0
1527.0
1481.0
1364.0
1105.0
1446.0
1137.0
1056.0
1252.0
770.0
1124.0
997.0
1202.0
1275.0
911.0
1111.0
1170.0
1625.0
1579.0
1372.0
1194.0
1213.0
1154.0
1389.0
1391.0
1412.0
1350.0
1115.0
1050.0
1148.0
907.0
1140.0
1291.0
1089.0
1372.0
1272.0
1523.0
1526.0
1261.0
1351.0
1161.0
1328.0
1482.0
1239.0
965.0
1034.0
1183.0
1051.0
1356.0
1261.0
1196.0
1242.0
1283.0
1133.0
925.0
852.0
393.0
768.0
207.0
200.0
174.0
329.0
422.0
502.0
891.0
912.0
540.0
425.0
355.0
495.0
397.0
638.0
398.0
487.0
640.0
542.0
418.0
516.0
447.0
202.0
514.0
374.0
343.0
340.0
317.0
632.0
599.0
746.0
614.0
396.0
553.0
839.0
403.0
753.0
689.0
631.0
694.0
890.0
963.0
143.0
478.0
969.0
251.0
218.0
627.0
121.0
336.0
1167.0
122.0
820.0
1250.0
869.0
598.0
372.0
1000.0
314.0
308.0
262.0
1067.0
1245.0
1044.0
745.0
1002.0
142.0
51.0
105.0
232.0
24.0
282.0
410.0
5.0
262.0
16.0
565.0
213.0
242.0
118.0
398.0
108.0
569.0
386.0
582.0
222.0
786.0
0.0
0.0
82.0
226.0
140.0
28.0
128.0
802.0
128.0
802.0
174.0
641.0
174.0
641.0
0.0
587.0
0.0
587.0
73.0
648.0
73.0
648.0
224.0
639.0
224.0
639.0
20.0
384.0
20.0
384.0
126.0
660.0
126.0
660.0
106.0
345.0
106.0
345.0
0.0
418.0
0.0
418.0
0.0
378.0
0.0
378.0
178.0
952.0
178.0
952.0
40.0
504.0
40.0
