0, 
0, 
0, 
0, 
0, 
0, 
46, 
46, 
46, 
0, 
0, 
0, 
0, 
0, 
0, 
0, 
0, 
48, 
0, 
0, 
0, 
0, 
0, 
0, 
0, 
0, 
0, 
92, 
0, 
0, 
0, 
0, 
148, 
0, 
132, 
0, 
0, 
0, 
0, 
0, 
0, 
0, 
0, 
0, 
0, 
0, 
0, 
0, 
0, 
0, 
0, 
34, 
34, 
0, 
0, 
0, 
80, 
0, 
80, 
80, 
80, 
0, 
0, 
0, 
0, 
0, 
0, 
0, 
0, 
0, 
0, 
142, 
142, 
142, 
142, 
142, 
142, 
0, 
110, 
48, 
110, 
0, 
0, 
48, 
0, 
0, 
0, 
92, 
48, 
64, 
48, 
48, 
92, 
149, 
108, 
108, 
0, 
158, 
0, 
0, 
0, 
0, 
0, 
0, 
0, 
0, 
0, 
0, 
0, 
0, 
0, 
0, 
0, 
0, 
0, 
0, 
0, 
0, 
66, 
0, 
0, 
3, 
3, 
3, 
3, 
3, 
0, 
0, 
0, 
52, 
52, 
0, 
52, 
52, 
0, 
0, 
110, 
0, 
0, 
0, 
0, 
0, 
5, 
0, 
0, 
110, 
126, 
110, 
110, 
26, 
0, 
0, 
0, 
0, 
0, 
0, 
0, 
64, 
135, 
0, 
0, 
0, 
0, 
0, 
0, 
0, 
0, 
0, 
0, 
116, 
0, 
0, 
0, 
0, 
0, 
116, 
68, 
116, 
135, 
135, 
68, 
135, 
135, 
68, 
0, 
0, 
0, 
0, 
0, 
0, 
0, 
0, 
0, 
0, 
0, 
0, 
0, 
22, 
22, 
10, 
10, 
5, 
5, 
0, 
26, 
0, 
0, 
6, 
1, 
27, 
26, 
0, 
88, 
124, 
118, 
150, 
0, 
0, 
0, 
0, 
0, 
0, 
154, 
154, 
66, 
50, 
125, 
50, 
50, 
131, 
100, 
126, 
137, 
126, 
126, 
0, 
0, 
0, 
68, 
84, 
68, 
68, 
150, 
150, 
84, 
84, 
0, 
0, 
9, 
18, 
147, 
146, 
146, 
146, 
96, 
23, 
38, 
38, 
130, 
128, 
2, 
144, 
53, 
68, 
0, 
0, 
0, 
0, 
145, 
169, 
158, 
164, 
157, 
115, 
100, 
114, 
119, 
116, 
0, 
84, 
0, 
0, 
0, 
0, 
0, 
150, 
176, 
148, 
162, 
80, 
150, 
27, 
80, 
104, 
160, 
101, 
0, 
0, 
0, 
0, 
1, 
161, 
169, 
163, 
142, 
157, 
86, 
131, 
117, 
151, 
179, 
0, 
128, 
151, 
142, 
0, 
71, 
163, 
47, 
55, 
0, 
0, 
5, 
67, 
20, 
98, 
0, 
0, 
78, 
3, 
104, 
130, 
0, 
0, 
163, 
145, 
0, 
144, 
128, 
0, 
0, 
0, 
94, 
133, 
78, 
151, 
80, 
0, 
0, 
102, 
160, 
140, 
0, 
112, 
112, 
156, 
0, 
0, 
0, 
0, 
177, 
46, 
0, 
34, 
34, 
34, 
0, 
80, 
0, 
0, 
142, 
0, 
0, 
3, 
3, 
0, 
134, 
0, 
142, 
0, 
0, 
3, 
135, 
0, 
0, 
0, 
0, 
0, 
135, 
0, 
0, 
0, 
0, 
135, 
0, 
0, 
0, 
0, 
0, 
0, 
34, 
34, 
0, 
0, 
0, 
0, 
52, 
52, 
0, 
0, 
0, 
0, 
0, 
0, 
0, 
0, 
52, 
52, 
0, 
0, 
0, 
0, 
0, 
0, 
0, 
0, 
0, 
0