0, 
0, 
0, 
0, 
0, 
0, 
0, 
0, 
0, 
148, 
0, 
78, 
134, 
134, 
134, 
134, 
134, 
110, 
104, 
82, 
95, 
95, 
95, 
95, 
95, 
42, 
134, 
42, 
85, 
88, 
99, 
85, 
134, 
134, 
150, 
150, 
134, 
0, 
0, 
0, 
0, 
150, 
142, 
0, 
142, 
126, 
0, 
0, 
0, 
0, 
0, 
0, 
0, 
0, 
0, 
0, 
0, 
0, 
50, 
50, 
0, 
0, 
0, 
0, 
0, 
0, 
0, 
0, 
0, 
0, 
0, 
0, 
130, 
0, 
0, 
0, 
0, 
0, 
104, 
102, 
0, 
130, 
11, 
11, 
130, 
130, 
126, 
102, 
102, 
118, 
111, 
102, 
0, 
0, 
0, 
0, 
154, 
0, 
0, 
0, 
0, 
0, 
16, 
16, 
0, 
16, 
16, 
16, 
16, 
16, 
0, 
0, 
80, 
0, 
0, 
0, 
0, 
0, 
80, 
6, 
6, 
80, 
106, 
106, 
0, 
106, 
0, 
0, 
0, 
0, 
0, 
0, 
0, 
0, 
0, 
0, 
104, 
0, 
0, 
0, 
0, 
0, 
0, 
104, 
142, 
104, 
120, 
104, 
104, 
126, 
0, 
142, 
142, 
149, 
170, 
126, 
138, 
144, 
153, 
0, 
0, 
74, 
74, 
74, 
74, 
74, 
74, 
74, 
0, 
14, 
0, 
0, 
0, 
0, 
0, 
14, 
136, 
14, 
77, 
135, 
134, 
94, 
94, 
136, 
106, 
106, 
6, 
6, 
6, 
6, 
6, 
0, 
0, 
0, 
0, 
0, 
0, 
114, 
114, 
98, 
0, 
0, 
0, 
52, 
0, 
0, 
0, 
0, 
149, 
0, 
126, 
51, 
74, 
127, 
0, 
114, 
6, 
6, 
102, 
128, 
102, 
102, 
134, 
118, 
0, 
6, 
130, 
0, 
0, 
130, 
122, 
20, 
14, 
14, 
14, 
122, 
86, 
0, 
136, 
139, 
114, 
151, 
0, 
0, 
106, 
97, 
122, 
113, 
90, 
99, 
0, 
104, 
1, 
1, 
5, 
68, 
98, 
98, 
52, 
52, 
78, 
0, 
20, 
20, 
46, 
0, 
162, 
59, 
67, 
66, 
138, 
134, 
141, 
118, 
0, 
130, 
130, 
0, 
142, 
122, 
122, 
118, 
0, 
3, 
0, 
0, 
0, 
0, 
0, 
146, 
98, 
98, 
140, 
1, 
0, 
124, 
1, 
154, 
154, 
162, 
103, 
40, 
147, 
135, 
130, 
80, 
48, 
48, 
0, 
124, 
165, 
154, 
161, 
130, 
0, 
130, 
0, 
0, 
146, 
140, 
156, 
173, 
175, 
124, 
161, 
0, 
144, 
165, 
172, 
139, 
0, 
96, 
120, 
0, 
40, 
56, 
0, 
0, 
158, 
158, 
0, 
154, 
148, 
78, 
122, 
0, 
160, 
159, 
132, 
25, 
166, 
0, 
134, 
0, 
158, 
0, 
174, 
142, 
0, 
0, 
160, 
0, 
0, 
0, 
0, 
0, 
0, 
0, 
0, 
0, 
0, 
0, 
16, 
106, 
106, 
74, 
76, 
134, 
0, 
130, 
0, 
106, 
94, 
134, 
95, 
130, 
0, 
0, 
94, 
6, 
0, 
0, 
130, 
94, 
128, 
0, 
0, 
0, 
0, 
0, 
0, 
0, 
0, 
0, 
0, 
0, 
0, 
0, 
0, 
0, 
0, 
0, 
0, 
0, 
0, 
0, 
0, 
0, 
0, 
0, 
106, 
0, 
0, 
0, 
0, 
0, 
0, 
106