0, 
0, 
88, 
0, 
0, 
0, 
88, 
88, 
88, 
132, 
132, 
0, 
139, 
139, 
139, 
139, 
110, 
0, 
7, 
0, 
0, 
0, 
0, 
0, 
0, 
135, 
54, 
137, 
71, 
70, 
57, 
55, 
82, 
100, 
70, 
70, 
54, 
0, 
82, 
107, 
82, 
172, 
142, 
0, 
176, 
142, 
50, 
50, 
50, 
50, 
50, 
90, 
90, 
50, 
0, 
0, 
0, 
0, 
0, 
0, 
0, 
0, 
0, 
134, 
134, 
0, 
134, 
134, 
134, 
0, 
0, 
0, 
0, 
0, 
0, 
0, 
0, 
0, 
1, 
1, 
1, 
1, 
1, 
1, 
1, 
1, 
88, 
140, 
88, 
88, 
88, 
88, 
0, 
134, 
150, 
150, 
3, 
1, 
2, 
123, 
164, 
147, 
122, 
122, 
136, 
122, 
126, 
126, 
126, 
126, 
118, 
118, 
0, 
15, 
15, 
15, 
0, 
15, 
0, 
0, 
0, 
0, 
0, 
0, 
0, 
0, 
0, 
86, 
0, 
86, 
86, 
86, 
86, 
86, 
122, 
0, 
0, 
0, 
0, 
0, 
0, 
0, 
6, 
6, 
0, 
0, 
0, 
0, 
0, 
0, 
0, 
0, 
0, 
0, 
0, 
0, 
0, 
0, 
11, 
0, 
0, 
0, 
0, 
0, 
0, 
94, 
0, 
0, 
94, 
0, 
118, 
118, 
118, 
118, 
118, 
5, 
5, 
5, 
5, 
5, 
0, 
5, 
5, 
0, 
0, 
122, 
0, 
0, 
0, 
0, 
0, 
122, 
122, 
122, 
122, 
122, 
122, 
0, 
6, 
0, 
0, 
0, 
0, 
6, 
0, 
13, 
13, 
0, 
94, 
0, 
1, 
130, 
0, 
122, 
5, 
22, 
0, 
0, 
0, 
0, 
0, 
0, 
0, 
0, 
0, 
94, 
1, 
110, 
110, 
3, 
112, 
94, 
1, 
1, 
1, 
130, 
132, 
116, 
116, 
116, 
116, 
116, 
36, 
36, 
0, 
0, 
0, 
0, 
0, 
0, 
20, 
0, 
0, 
0, 
158, 
132, 
132, 
0, 
102, 
94, 
0, 
119, 
121, 
122, 
124, 
0, 
0, 
0, 
142, 
166, 
150, 
142, 
108, 
124, 
146, 
0, 
130, 
159, 
112, 
145, 
128, 
0, 
0, 
0, 
0, 
0, 
0, 
20, 
36, 
0, 
0, 
132, 
102, 
148, 
95, 
126, 
54, 
0, 
0, 
0, 
7, 
158, 
138, 
131, 
133, 
104, 
0, 
30, 
130, 
0, 
0, 
0, 
0, 
0, 
0, 
0, 
0, 
0, 
0, 
0, 
0, 
128, 
134, 
8, 
35, 
0, 
0, 
21, 
101, 
133, 
142, 
124, 
96, 
15, 
7, 
0, 
0, 
118, 
112, 
0, 
4, 
0, 
0, 
38, 
134, 
120, 
80, 
112, 
30, 
10, 
0, 
0, 
0, 
86, 
0, 
80, 
0, 
0, 
6, 
15, 
0, 
88, 
0, 
86, 
86, 
86, 
0, 
0, 
134, 
0, 
0, 
0, 
80, 
0, 
0, 
0, 
5, 
139, 
0, 
0, 
15, 
0, 
0, 
139, 
0, 
0, 
15, 
0, 
0, 
0, 
0, 
0, 
0, 
0, 
0, 
110, 
0, 
134, 
15, 
86, 
0, 
0, 
134, 
0, 
80, 
0, 
86, 
86, 
0, 
86, 
86, 
0, 
80, 
80, 
15, 
0, 
0, 
0, 
0, 
0, 
0, 
0, 
0, 
0, 
0, 
0, 
0, 
0