0, 
0, 
0, 
0, 
0, 
0, 
0, 
0, 
0, 
0, 
0, 
0, 
0, 
0, 
0, 
0, 
0, 
0, 
0, 
0, 
0, 
0, 
0, 
0, 
0, 
0, 
0, 
0, 
0, 
0, 
0, 
0, 
0, 
0, 
0, 
0, 
0, 
0, 
0, 
0, 
0, 
0, 
0, 
0, 
0, 
0, 
0, 
0, 
0, 
0, 
0, 
0, 
0, 
0, 
0, 
66, 
66, 
0, 
66, 
66, 
66, 
0, 
0, 
52, 
52, 
52, 
52, 
52, 
52, 
52, 
0, 
82, 
82, 
82, 
82, 
82, 
82, 
0, 
46, 
0, 
0, 
0, 
0, 
0, 
0, 
0, 
0, 
0, 
0, 
0, 
0, 
0, 
0, 
0, 
0, 
0, 
0, 
0, 
0, 
0, 
0, 
0, 
0, 
0, 
66, 
0, 
0, 
0, 
0, 
0, 
0, 
0, 
0, 
0, 
0, 
0, 
0, 
0, 
0, 
0, 
0, 
0, 
0, 
0, 
0, 
0, 
137, 
137, 
136, 
136, 
136, 
136, 
136, 
136, 
134, 
134, 
46, 
74, 
0, 
0, 
0, 
0, 
0, 
46, 
0, 
134, 
62, 
46, 
46, 
150, 
0, 
126, 
0, 
103, 
22, 
102, 
0, 
130, 
142, 
0, 
0, 
0, 
0, 
0, 
0, 
0, 
0, 
0, 
66, 
71, 
66, 
66, 
66, 
66, 
66, 
36, 
62, 
36, 
107, 
106, 
0, 
106, 
106, 
0, 
0, 
5, 
0, 
0, 
74, 
0, 
0, 
5, 
5, 
74, 
74, 
74, 
74, 
122, 
122, 
134, 
134, 
150, 
134, 
166, 
142, 
142, 
0, 
146, 
102, 
144, 
132, 
0, 
142, 
160, 
0, 
0, 
0, 
0, 
0, 
0, 
0, 
0, 
0, 
0, 
2, 
2, 
60, 
1, 
2, 
42, 
0, 
36, 
36, 
36, 
36, 
62, 
62, 
0, 
62, 
78, 
62, 
62, 
0, 
0, 
0, 
0, 
0, 
0, 
147, 
147, 
154, 
154, 
138, 
138, 
0, 
142, 
122, 
162, 
100, 
124, 
147, 
138, 
112, 
96, 
0, 
0, 
0, 
0, 
0, 
0, 
138, 
0, 
0, 
124, 
60, 
76, 
76, 
0, 
0, 
0, 
0, 
0, 
0, 
0, 
0, 
86, 
0, 
0, 
0, 
148, 
136, 
146, 
172, 
140, 
132, 
164, 
0, 
0, 
0, 
0, 
0, 
0, 
122, 
147, 
147, 
163, 
138, 
0, 
0, 
0, 
0, 
0, 
0, 
102, 
118, 
0, 
122, 
0, 
1, 
1, 
156, 
0, 
104, 
88, 
142, 
153, 
0, 
0, 
0, 
0, 
138, 
154, 
0, 
3, 
1, 
122, 
155, 
3, 
0, 
0, 
88, 
0, 
0, 
0, 
0, 
0, 
0, 
53, 
53, 
0, 
104, 
80, 
138, 
3, 
0, 
0, 
0, 
28, 
28, 
0, 
112, 
0, 
0, 
0, 
0, 
0, 
66, 
66, 
0, 
82, 
82, 
0, 
0, 
0, 
0, 
0, 
106, 
0, 
0, 
0, 
0, 
0, 
106, 
0, 
0, 
0, 
0, 
0, 
106, 
0, 
0, 
52, 
0, 
106, 
0, 
0, 
0, 
0, 
0, 
0, 
0, 
0, 
0, 
0, 
0, 
0, 
0, 
0, 
0, 
0, 
0, 
0, 
0, 
0, 
0, 
0, 
0, 
0, 
0, 
0, 
0, 
0, 
0, 
0, 
0, 
0, 
0, 
0