0, 
0, 
0, 
0, 
0, 
0, 
0, 
0, 
0, 
104, 
0, 
0, 
0, 
0, 
0, 
0, 
0, 
0, 
0, 
0, 
0, 
0, 
0, 
0, 
0, 
124, 
124, 
118, 
0, 
0, 
0, 
0, 
148, 
134, 
152, 
133, 
0, 
132, 
154, 
126, 
11, 
165, 
158, 
11, 
90, 
0, 
98, 
98, 
98, 
98, 
98, 
98, 
98, 
98, 
0, 
0, 
0, 
0, 
0, 
0, 
0, 
0, 
122, 
122, 
122, 
122, 
122, 
122, 
122, 
122, 
0, 
0, 
104, 
2, 
123, 
123, 
104, 
123, 
0, 
0, 
0, 
0, 
0, 
0, 
104, 
104, 
148, 
118, 
0, 
0, 
0, 
0, 
0, 
158, 
118, 
118, 
139, 
155, 
166, 
5, 
106, 
115, 
138, 
138, 
128, 
138, 
138, 
138, 
138, 
138, 
128, 
128, 
0, 
106, 
106, 
106, 
0, 
106, 
0, 
0, 
0, 
0, 
0, 
0, 
0, 
0, 
0, 
0, 
0, 
0, 
0, 
0, 
0, 
0, 
132, 
122, 
34, 
34, 
34, 
34, 
34, 
34, 
122, 
0, 
148, 
122, 
0, 
0, 
0, 
0, 
0, 
148, 
148, 
0, 
94, 
0, 
78, 
150, 
134, 
135, 
31, 
5, 
5, 
5, 
5, 
5, 
5, 
5, 
0, 
0, 
128, 
128, 
128, 
128, 
128, 
0, 
0, 
0, 
0, 
0, 
0, 
0, 
0, 
0, 
0, 
110, 
0, 
0, 
0, 
0, 
0, 
110, 
110, 
110, 
110, 
110, 
110, 
122, 
122, 
122, 
147, 
147, 
147, 
0, 
0, 
0, 
0, 
0, 
0, 
0, 
0, 
17, 
7, 
126, 
100, 
0, 
0, 
88, 
0, 
62, 
0, 
0, 
160, 
158, 
142, 
142, 
0, 
0, 
0, 
0, 
0, 
0, 
0, 
0, 
0, 
0, 
70, 
70, 
0, 
0, 
0, 
0, 
113, 
124, 
10, 
5, 
5, 
5, 
30, 
0, 
0, 
28, 
0, 
0, 
122, 
98, 
101, 
64, 
46, 
0, 
0, 
0, 
4, 
162, 
142, 
100, 
99, 
0, 
64, 
111, 
96, 
147, 
146, 
0, 
0, 
0, 
0, 
0, 
0, 
0, 
0, 
0, 
70, 
86, 
86, 
145, 
164, 
124, 
124, 
144, 
100, 
96, 
177, 
166, 
0, 
0, 
142, 
0, 
62, 
0, 
107, 
117, 
62, 
0, 
0, 
0, 
0, 
0, 
0, 
0, 
0, 
0, 
0, 
40, 
142, 
0, 
115, 
170, 
142, 
114, 
149, 
132, 
142, 
0, 
0, 
0, 
0, 
118, 
132, 
116, 
0, 
0, 
0, 
0, 
0, 
24, 
147, 
170, 
149, 
0, 
0, 
120, 
127, 
0, 
137, 
0, 
150, 
164, 
160, 
0, 
0, 
136, 
157, 
138, 
123, 
0, 
114, 
0, 
0, 
0, 
0, 
0, 
0, 
0, 
0, 
0, 
0, 
0, 
0, 
123, 
123, 
0, 
138, 
0, 
0, 
5, 
0, 
0, 
123, 
104, 
106, 
0, 
0, 
0, 
0, 
104, 
106, 
0, 
0, 
0, 
110, 
0, 
104, 
0, 
0, 
0, 
108, 
0, 
106, 
0, 
0, 
0, 
0, 
2, 
0, 
0, 
0, 
0, 
0, 
0, 
0, 
98, 
0, 
0, 
106, 
0, 
0, 
0, 
0, 
123, 
0, 
0, 
0, 
0, 
114, 
0, 
0, 
0