0, 
0, 
0, 
0, 
0, 
0, 
0, 
0, 
0, 
0, 
126, 
126, 
0, 
86, 
86, 
0, 
86, 
0, 
0, 
0, 
126, 
126, 
126, 
126, 
126, 
155, 
155, 
7, 
88, 
139, 
0, 
0, 
122, 
98, 
138, 
142, 
0, 
161, 
140, 
169, 
150, 
119, 
96, 
118, 
54, 
0, 
0, 
0, 
0, 
0, 
0, 
0, 
0, 
0, 
0, 
112, 
112, 
0, 
112, 
112, 
112, 
0, 
0, 
0, 
0, 
0, 
0, 
0, 
0, 
0, 
0, 
110, 
110, 
110, 
110, 
110, 
110, 
0, 
80, 
0, 
0, 
116, 
116, 
0, 
116, 
116, 
138, 
3, 
122, 
0, 
0, 
0, 
0, 
98, 
7, 
7, 
147, 
142, 
67, 
128, 
80, 
117, 
0, 
0, 
18, 
0, 
0, 
0, 
0, 
0, 
7, 
110, 
110, 
110, 
110, 
110, 
110, 
6, 
0, 
0, 
0, 
0, 
0, 
0, 
0, 
0, 
0, 
0, 
0, 
124, 
124, 
124, 
124, 
124, 
3, 
3, 
80, 
3, 
3, 
3, 
3, 
3, 
146, 
147, 
138, 
132, 
96, 
126, 
80, 
102, 
0, 
122, 
122, 
128, 
162, 
0, 
162, 
69, 
166, 
97, 
100, 
0, 
0, 
0, 
0, 
0, 
0, 
0, 
18, 
11, 
18, 
18, 
18, 
18, 
18, 
0, 
42, 
0, 
72, 
72, 
0, 
72, 
72, 
42, 
0, 
0, 
0, 
0, 
0, 
0, 
0, 
0, 
0, 
0, 
0, 
0, 
0, 
104, 
104, 
0, 
0, 
0, 
0, 
131, 
0, 
146, 
130, 
159, 
134, 
154, 
142, 
108, 
102, 
142, 
142, 
166, 
46, 
46, 
104, 
104, 
104, 
104, 
0, 
0, 
2, 
2, 
1, 
1, 
2, 
0, 
0, 
0, 
0, 
0, 
0, 
0, 
103, 
102, 
42, 
58, 
42, 
42, 
44, 
44, 
0, 
28, 
0, 
0, 
0, 
104, 
0, 
0, 
0, 
0, 
145, 
163, 
120, 
134, 
176, 
166, 
154, 
130, 
142, 
59, 
56, 
0, 
0, 
46, 
46, 
0, 
152, 
0, 
0, 
116, 
138, 
116, 
116, 
136, 
0, 
112, 
0, 
102, 
102, 
118, 
118, 
132, 
164, 
28, 
132, 
124, 
132, 
0, 
104, 
149, 
146, 
119, 
0, 
134, 
134, 
0, 
0, 
0, 
144, 
156, 
162, 
49, 
13, 
112, 
112, 
4, 
0, 
0, 
0, 
0, 
0, 
0, 
150, 
160, 
126, 
126, 
0, 
0, 
104, 
6, 
131, 
26, 
134, 
134, 
0, 
146, 
132, 
72, 
0, 
114, 
114, 
0, 
0, 
0, 
0, 
0, 
1, 
0, 
0, 
78, 
107, 
146, 
56, 
144, 
152, 
140, 
0, 
57, 
0, 
46, 
0, 
117, 
0, 
144, 
144, 
81, 
0, 
0, 
0, 
0, 
0, 
0, 
112, 
112, 
0, 
110, 
0, 
116, 
0, 
0, 
0, 
0, 
72, 
86, 
110, 
116, 
110, 
0, 
72, 
86, 
126, 
116, 
110, 
0, 
72, 
0, 
72, 
0, 
116, 
72, 
0, 
86, 
139, 
0, 
6, 
0, 
0, 
0, 
0, 
0, 
0, 
0, 
124, 
124, 
0, 
0, 
0, 
0, 
0, 
0, 
0, 
0, 
0, 
124, 
0, 
0, 
0, 
0, 
86, 
86, 
0, 
0, 
0, 
0