0, 
0, 
0, 
0, 
0, 
0, 
0, 
0, 
0, 
3, 
3, 
0, 
3, 
3, 
3, 
3, 
3, 
138, 
108, 
108, 
0, 
0, 
0, 
0, 
0, 
0, 
0, 
2, 
108, 
0, 
124, 
124, 
104, 
1, 
0, 
0, 
0, 
112, 
114, 
0, 
0, 
152, 
137, 
86, 
150, 
140, 
0, 
0, 
0, 
0, 
0, 
132, 
132, 
0, 
0, 
0, 
0, 
0, 
0, 
0, 
0, 
0, 
0, 
0, 
0, 
0, 
142, 
142, 
142, 
142, 
15, 
0, 
0, 
138, 
138, 
138, 
138, 
138, 
0, 
138, 
0, 
0, 
0, 
138, 
0, 
0, 
102, 
2, 
138, 
154, 
144, 
138, 
134, 
0, 
1, 
2, 
138, 
88, 
137, 
0, 
36, 
60, 
0, 
0, 
1, 
96, 
96, 
96, 
96, 
96, 
1, 
1, 
0, 
0, 
132, 
132, 
0, 
132, 
0, 
0, 
0, 
0, 
0, 
0, 
0, 
0, 
112, 
112, 
0, 
0, 
0, 
0, 
0, 
0, 
0, 
15, 
0, 
112, 
15, 
15, 
15, 
15, 
0, 
0, 
102, 
0, 
0, 
0, 
0, 
102, 
139, 
118, 
118, 
167, 
158, 
166, 
150, 
163, 
151, 
134, 
51, 
144, 
144, 
40, 
56, 
41, 
40, 
40, 
2, 
106, 
0, 
1, 
1, 
1, 
1, 
106, 
20, 
106, 
0, 
0, 
0, 
0, 
0, 
100, 
100, 
0, 
100, 
100, 
122, 
100, 
100, 
109, 
110, 
112, 
112, 
112, 
112, 
0, 
0, 
0, 
0, 
0, 
0, 
0, 
0, 
0, 
0, 
0, 
162, 
0, 
136, 
142, 
140, 
133, 
115, 
124, 
132, 
132, 
165, 
165, 
173, 
173, 
18, 
9, 
2, 
2, 
0, 
2, 
5, 
0, 
0, 
106, 
122, 
106, 
106, 
0, 
144, 
144, 
20, 
36, 
128, 
20, 
0, 
0, 
0, 
0, 
0, 
0, 
54, 
54, 
51, 
60, 
110, 
110, 
0, 
0, 
0, 
0, 
0, 
0, 
0, 
0, 
126, 
125, 
128, 
97, 
157, 
162, 
164, 
124, 
108, 
18, 
18, 
0, 
0, 
0, 
0, 
1, 
0, 
0, 
0, 
0, 
115, 
128, 
145, 
92, 
0, 
106, 
0, 
162, 
167, 
167, 
0, 
0, 
0, 
0, 
92, 
43, 
43, 
148, 
0, 
133, 
108, 
0, 
0, 
0, 
0, 
1, 
2, 
0, 
0, 
0, 
0, 
16, 
89, 
92, 
88, 
0, 
162, 
167, 
167, 
140, 
0, 
98, 
0, 
0, 
48, 
48, 
0, 
0, 
112, 
136, 
148, 
0, 
0, 
0, 
126, 
104, 
140, 
96, 
86, 
0, 
0, 
0, 
0, 
120, 
140, 
166, 
118, 
0, 
0, 
130, 
126, 
120, 
96, 
0, 
2, 
144, 
144, 
0, 
0, 
0, 
0, 
132, 
132, 
132, 
0, 
0, 
142, 
138, 
138, 
0, 
96, 
0, 
0, 
40, 
0, 
3, 
138, 
0, 
132, 
0, 
0, 
0, 
0, 
0, 
132, 
15, 
0, 
100, 
0, 
142, 
0, 
0, 
0, 
0, 
0, 
142, 
132, 
132, 
0, 
0, 
142, 
0, 
0, 
0, 
0, 
0, 
0, 
132, 
132, 
0, 
96, 
96, 
132, 
0, 
0, 
0, 
0, 
0, 
0, 
0, 
0, 
0, 
0, 
0, 
132, 
0