0, 
96, 
96, 
96, 
0, 
0, 
96, 
96, 
96, 
0, 
0, 
0, 
0, 
98, 
98, 
98, 
98, 
0, 
0, 
0, 
0, 
0, 
0, 
0, 
0, 
28, 
28, 
114, 
96, 
14, 
0, 
0, 
132, 
53, 
134, 
49, 
0, 
15, 
139, 
0, 
0, 
90, 
8, 
4, 
14, 
0, 
0, 
0, 
0, 
0, 
0, 
0, 
0, 
0, 
0, 
0, 
126, 
0, 
126, 
126, 
126, 
0, 
0, 
0, 
0, 
0, 
0, 
0, 
0, 
0, 
104, 
104, 
0, 
0, 
1, 
1, 
0, 
1, 
0, 
0, 
0, 
0, 
0, 
0, 
0, 
0, 
68, 
117, 
68, 
68, 
101, 
68, 
86, 
145, 
107, 
129, 
135, 
127, 
140, 
156, 
88, 
126, 
0, 
0, 
82, 
0, 
0, 
0, 
0, 
0, 
0, 
0, 
0, 
0, 
0, 
0, 
0, 
0, 
132, 
132, 
104, 
132, 
139, 
139, 
139, 
111, 
0, 
0, 
0, 
0, 
0, 
104, 
0, 
0, 
85, 
0, 
0, 
1, 
104, 
104, 
104, 
104, 
0, 
0, 
1, 
0, 
0, 
0, 
0, 
1, 
1, 
2, 
2, 
133, 
13, 
0, 
0, 
17, 
14, 
90, 
0, 
0, 
0, 
0, 
0, 
0, 
0, 
0, 
128, 
82, 
82, 
82, 
82, 
82, 
82, 
1, 
0, 
0, 
0, 
0, 
0, 
0, 
0, 
102, 
119, 
112, 
119, 
119, 
119, 
119, 
119, 
85, 
85, 
85, 
85, 
85, 
85, 
46, 
30, 
0, 
0, 
0, 
0, 
0, 
0, 
0, 
0, 
102, 
146, 
0, 
0, 
135, 
108, 
0, 
0, 
0, 
0, 
0, 
0, 
0, 
0, 
0, 
0, 
0, 
124, 
140, 
1, 
124, 
140, 
1, 
1, 
124, 
1, 
1, 
1, 
0, 
104, 
122, 
0, 
0, 
88, 
0, 
135, 
135, 
119, 
119, 
0, 
0, 
78, 
78, 
120, 
62, 
0, 
0, 
0, 
0, 
54, 
46, 
0, 
0, 
0, 
0, 
109, 
150, 
123, 
122, 
146, 
0, 
0, 
0, 
0, 
0, 
0, 
0, 
146, 
0, 
0, 
155, 
0, 
130, 
0, 
108, 
124, 
129, 
132, 
110, 
0, 
0, 
119, 
158, 
132, 
148, 
0, 
0, 
0, 
0, 
175, 
144, 
149, 
146, 
148, 
0, 
0, 
1, 
0, 
5, 
0, 
130, 
130, 
0, 
0, 
0, 
0, 
165, 
178, 
94, 
145, 
150, 
153, 
161, 
158, 
132, 
0, 
144, 
106, 
142, 
158, 
161, 
132, 
0, 
144, 
136, 
0, 
0, 
0, 
167, 
185, 
152, 
135, 
0, 
122, 
54, 
64, 
0, 
56, 
120, 
20, 
0, 
0, 
0, 
140, 
153, 
182, 
135, 
104, 
72, 
0, 
0, 
0, 
0, 
0, 
96, 
96, 
0, 
0, 
0, 
0, 
126, 
0, 
1, 
1, 
0, 
0, 
139, 
139, 
0, 
0, 
98, 
1, 
0, 
0, 
111, 
0, 
98, 
0, 
0, 
0, 
104, 
0, 
104, 
28, 
0, 
0, 
0, 
0, 
98, 
0, 
0, 
0, 
0, 
0, 
0, 
0, 
0, 
0, 
111, 
0, 
0, 
98, 
0, 
0, 
0, 
0, 
0, 
0, 
0, 
0, 
0, 
0, 
0, 
0, 
0, 
0, 
0, 
0, 
0, 
0, 
46