0, 
0, 
0, 
0, 
0, 
0, 
0, 
0, 
0, 
0, 
0, 
0, 
0, 
0, 
0, 
0, 
0, 
0, 
0, 
0, 
0, 
0, 
0, 
0, 
0, 
129, 
0, 
129, 
0, 
0, 
0, 
0, 
132, 
53, 
116, 
28, 
0, 
119, 
160, 
108, 
82, 
138, 
126, 
82, 
0, 
0, 
0, 
118, 
118, 
0, 
0, 
118, 
118, 
0, 
0, 
0, 
68, 
0, 
68, 
68, 
68, 
0, 
0, 
5, 
5, 
0, 
5, 
5, 
5, 
5, 
0, 
120, 
0, 
123, 
123, 
123, 
123, 
76, 
0, 
0, 
0, 
5, 
5, 
5, 
5, 
5, 
22, 
126, 
0, 
0, 
0, 
0, 
84, 
146, 
145, 
145, 
150, 
142, 
140, 
156, 
0, 
136, 
0, 
0, 
0, 
0, 
0, 
0, 
0, 
0, 
0, 
0, 
0, 
0, 
0, 
0, 
0, 
0, 
0, 
0, 
0, 
40, 
126, 
126, 
40, 
126, 
0, 
0, 
0, 
0, 
0, 
0, 
0, 
0, 
0, 
0, 
0, 
0, 
0, 
0, 
0, 
0, 
76, 
76, 
22, 
0, 
0, 
0, 
0, 
0, 
0, 
22, 
22, 
7, 
30, 
0, 
7, 
88, 
72, 
110, 
0, 
0, 
0, 
0, 
0, 
18, 
0, 
0, 
18, 
18, 
18, 
18, 
18, 
18, 
18, 
0, 
0, 
0, 
0, 
0, 
0, 
0, 
0, 
30, 
30, 
0, 
30, 
30, 
30, 
30, 
30, 
0, 
0, 
0, 
0, 
0, 
0, 
0, 
0, 
0, 
0, 
0, 
0, 
1, 
0, 
76, 
76, 
100, 
68, 
0, 
0, 
0, 
0, 
0, 
0, 
0, 
118, 
128, 
0, 
0, 
0, 
0, 
104, 
121, 
124, 
124, 
108, 
108, 
108, 
0, 
0, 
0, 
0, 
0, 
0, 
90, 
106, 
90, 
90, 
90, 
91, 
90, 
0, 
0, 
44, 
44, 
44, 
28, 
0, 
0, 
0, 
0, 
0, 
0, 
0, 
0, 
0, 
1, 
0, 
68, 
1, 
117, 
104, 
92, 
0, 
0, 
145, 
134, 
145, 
116, 
74, 
119, 
119, 
0, 
0, 
0, 
0, 
0, 
114, 
0, 
0, 
114, 
0, 
0, 
0, 
0, 
0, 
0, 
0, 
158, 
0, 
0, 
123, 
70, 
0, 
117, 
0, 
136, 
136, 
136, 
0, 
90, 
74, 
0, 
0, 
46, 
123, 
0, 
136, 
129, 
84, 
144, 
114, 
2, 
0, 
0, 
0, 
0, 
158, 
136, 
143, 
144, 
151, 
147, 
138, 
0, 
0, 
0, 
64, 
80, 
0, 
51, 
129, 
152, 
151, 
32, 
0, 
0, 
123, 
114, 
148, 
0, 
74, 
96, 
103, 
0, 
127, 
152, 
165, 
174, 
144, 
128, 
0, 
0, 
0, 
126, 
142, 
54, 
129, 
161, 
164, 
0, 
0, 
118, 
118, 
118, 
68, 
68, 
5, 
123, 
123, 
5, 
0, 
126, 
126, 
0, 
0, 
0, 
123, 
5, 
0, 
126, 
0, 
0, 
0, 
5, 
0, 
0, 
0, 
30, 
28, 
5, 
0, 
0, 
0, 
0, 
0, 
0, 
0, 
118, 
0, 
0, 
0, 
0, 
0, 
0, 
0, 
0, 
0, 
0, 
0, 
0, 
0, 
0, 
0, 
126, 
0, 
0, 
0, 
0, 
126, 
0, 
0, 
0, 
0, 
0, 
0, 
0