0, 
134, 
134, 
134, 
134, 
134, 
134, 
134, 
134, 
118, 
141, 
141, 
118, 
118, 
118, 
118, 
118, 
12, 
97, 
96, 
130, 
130, 
6, 
130, 
130, 
0, 
0, 
0, 
96, 
96, 
112, 
97, 
0, 
0, 
0, 
0, 
0, 
0, 
0, 
0, 
0, 
5, 
0, 
0, 
0, 
0, 
34, 
34, 
34, 
34, 
0, 
34, 
34, 
0, 
0, 
0, 
0, 
0, 
66, 
66, 
66, 
0, 
0, 
94, 
94, 
0, 
94, 
94, 
94, 
94, 
0, 
0, 
0, 
80, 
80, 
80, 
0, 
80, 
110, 
12, 
0, 
138, 
138, 
12, 
138, 
138, 
131, 
0, 
12, 
24, 
97, 
12, 
144, 
0, 
116, 
0, 
0, 
0, 
0, 
5, 
0, 
25, 
128, 
128, 
36, 
128, 
128, 
128, 
128, 
128, 
36, 
36, 
0, 
38, 
38, 
38, 
0, 
38, 
0, 
0, 
0, 
0, 
0, 
0, 
0, 
0, 
102, 
102, 
102, 
102, 
102, 
102, 
102, 
102, 
98, 
98, 
110, 
0, 
0, 
0, 
0, 
0, 
120, 
131, 
131, 
120, 
126, 
122, 
110, 
112, 
159, 
139, 
143, 
156, 
0, 
168, 
136, 
116, 
128, 
5, 
0, 
0, 
0, 
0, 
0, 
86, 
0, 
0, 
86, 
0, 
36, 
36, 
36, 
36, 
36, 
94, 
54, 
0, 
0, 
0, 
0, 
0, 
0, 
0, 
0, 
0, 
0, 
0, 
0, 
0, 
0, 
92, 
92, 
108, 
108, 
92, 
92, 
0, 
0, 
98, 
98, 
98, 
114, 
131, 
120, 
136, 
136, 
101, 
154, 
0, 
154, 
2, 
137, 
106, 
32, 
90, 
0, 
0, 
0, 
13, 
0, 
0, 
26, 
26, 
86, 
86, 
0, 
86, 
102, 
94, 
94, 
106, 
94, 
110, 
94, 
54, 
54, 
84, 
70, 
54, 
54, 
54, 
98, 
80, 
100, 
100, 
84, 
84, 
80, 
0, 
0, 
0, 
0, 
0, 
0, 
126, 
0, 
0, 
110, 
114, 
134, 
100, 
113, 
133, 
15, 
142, 
126, 
0, 
58, 
90, 
109, 
61, 
13, 
90, 
92, 
0, 
76, 
101, 
0, 
92, 
0, 
3, 
3, 
3, 
3, 
112, 
130, 
96, 
96, 
0, 
0, 
0, 
0, 
0, 
1, 
122, 
162, 
0, 
148, 
0, 
163, 
150, 
90, 
90, 
115, 
6, 
0, 
0, 
0, 
0, 
0, 
0, 
0, 
0, 
112, 
0, 
1, 
136, 
112, 
0, 
0, 
0, 
0, 
2, 
0, 
12, 
0, 
151, 
168, 
0, 
118, 
132, 
164, 
0, 
0, 
0, 
0, 
171, 
161, 
0, 
0, 
0, 
0, 
0, 
118, 
160, 
161, 
173, 
163, 
155, 
0, 
0, 
0, 
167, 
155, 
0, 
152, 
163, 
163, 
155, 
0, 
36, 
0, 
34, 
34, 
0, 
0, 
66, 
94, 
80, 
80, 
138, 
128, 
0, 
0, 
0, 
0, 
2, 
80, 
138, 
38, 
0, 
0, 
2, 
130, 
138, 
38, 
0, 
0, 
0, 
0, 
0, 
138, 
0, 
0, 
2, 
0, 
94, 
38, 
0, 
0, 
0, 
0, 
0, 
0, 
0, 
0, 
0, 
2, 
0, 
0, 
80, 
0, 
0, 
38, 
0, 
0, 
0, 
0, 
0, 
0, 
0, 
2, 
0, 
0, 
0, 
0, 
0