0, 
0, 
0, 
0, 
0, 
0, 
0, 
0, 
0, 
0, 
2, 
2, 
0, 
0, 
0, 
0, 
0, 
52, 
70, 
70, 
2, 
2, 
2, 
2, 
2, 
0, 
0, 
0, 
70, 
70, 
86, 
70, 
0, 
0, 
0, 
0, 
0, 
0, 
0, 
0, 
0, 
136, 
0, 
0, 
0, 
0, 
0, 
0, 
7, 
0, 
0, 
7, 
7, 
0, 
0, 
0, 
0, 
0, 
0, 
0, 
0, 
0, 
0, 
0, 
0, 
0, 
0, 
0, 
0, 
0, 
0, 
0, 
0, 
92, 
92, 
92, 
0, 
92, 
86, 
52, 
86, 
1, 
1, 
52, 
1, 
1, 
5, 
0, 
52, 
68, 
80, 
52, 
161, 
0, 
140, 
0, 
147, 
86, 
163, 
152, 
130, 
178, 
0, 
116, 
110, 
116, 
116, 
116, 
116, 
116, 
110, 
110, 
0, 
0, 
0, 
0, 
0, 
0, 
100, 
100, 
9, 
100, 
100, 
100, 
100, 
0, 
98, 
98, 
98, 
98, 
98, 
98, 
98, 
98, 
138, 
138, 
86, 
0, 
0, 
0, 
0, 
0, 
116, 
116, 
5, 
140, 
102, 
86, 
86, 
65, 
170, 
5, 
159, 
174, 
157, 
131, 
131, 
174, 
157, 
172, 
155, 
46, 
46, 
0, 
0, 
4, 
0, 
0, 
4, 
98, 
110, 
110, 
110, 
110, 
110, 
98, 
0, 
98, 
0, 
0, 
0, 
0, 
0, 
84, 
84, 
84, 
84, 
84, 
84, 
84, 
84, 
88, 
88, 
0, 
0, 
0, 
0, 
0, 
0, 
138, 
138, 
138, 
154, 
160, 
56, 
116, 
116, 
158, 
134, 
142, 
126, 
0, 
184, 
132, 
0, 
116, 
162, 
166, 
126, 
126, 
62, 
62, 
0, 
136, 
0, 
4, 
152, 
9, 
9, 
136, 
106, 
98, 
114, 
111, 
98, 
106, 
114, 
114, 
90, 
0, 
7, 
0, 
0, 
0, 
7, 
7, 
7, 
15, 
0, 
0, 
139, 
139, 
142, 
142, 
0, 
139, 
0, 
150, 
132, 
137, 
160, 
173, 
159, 
136, 
0, 
0, 
118, 
151, 
159, 
0, 
66, 
0, 
50, 
66, 
0, 
152, 
152, 
0, 
91, 
90, 
91, 
82, 
158, 
116, 
114, 
162, 
0, 
148, 
0, 
2, 
2, 
2, 
81, 
0, 
122, 
143, 
0, 
102, 
102, 
118, 
90, 
0, 
0, 
0, 
75, 
0, 
0, 
0, 
0, 
0, 
154, 
137, 
162, 
165, 
141, 
177, 
0, 
0, 
2, 
0, 
0, 
115, 
147, 
146, 
161, 
1, 
154, 
162, 
103, 
122, 
138, 
124, 
96, 
0, 
112, 
133, 
122, 
0, 
114, 
96, 
131, 
157, 
119, 
129, 
133, 
147, 
164, 
144, 
0, 
0, 
115, 
0, 
74, 
0, 
88, 
80, 
172, 
140, 
0, 
0, 
9, 
0, 
0, 
7, 
7, 
7, 
0, 
0, 
0, 
92, 
92, 
1, 
116, 
0, 
100, 
0, 
0, 
0, 
92, 
1, 
0, 
100, 
0, 
0, 
2, 
1, 
0, 
0, 
0, 
9, 
0, 
0, 
1, 
0, 
147, 
0, 
0, 
0, 
0, 
0, 
7, 
7, 
0, 
0, 
116, 
0, 
0, 
0, 
0, 
0, 
0, 
92, 
0, 
0, 
0, 
0, 
0, 
0, 
0, 
0, 
0, 
0, 
0, 
0, 
0, 
0, 
0, 
0