0, 
0, 
116, 
0, 
0, 
0, 
116, 
116, 
116, 
0, 
0, 
0, 
88, 
88, 
88, 
88, 
88, 
82, 
82, 
0, 
82, 
82, 
82, 
82, 
82, 
138, 
140, 
10, 
28, 
120, 
20, 
14, 
138, 
173, 
128, 
149, 
80, 
130, 
110, 
160, 
116, 
111, 
84, 
112, 
135, 
100, 
5, 
5, 
5, 
5, 
0, 
92, 
92, 
0, 
64, 
64, 
64, 
64, 
64, 
64, 
64, 
64, 
0, 
0, 
0, 
0, 
1, 
1, 
1, 
1, 
0, 
0, 
0, 
0, 
0, 
0, 
0, 
0, 
0, 
0, 
0, 
0, 
0, 
0, 
0, 
0, 
0, 
0, 
0, 
0, 
3, 
0, 
0, 
0, 
0, 
0, 
0, 
0, 
0, 
0, 
148, 
112, 
68, 
68, 
0, 
0, 
0, 
0, 
0, 
0, 
0, 
0, 
0, 
0, 
0, 
0, 
0, 
0, 
3, 
3, 
3, 
3, 
3, 
3, 
3, 
3, 
1, 
1, 
0, 
0, 
0, 
0, 
0, 
0, 
92, 
0, 
0, 
1, 
0, 
0, 
0, 
0, 
0, 
0, 
0, 
0, 
0, 
0, 
0, 
107, 
0, 
98, 
0, 
10, 
0, 
3, 
0, 
84, 
145, 
0, 
130, 
7, 
7, 
68, 
68, 
3, 
68, 
68, 
0, 
0, 
68, 
0, 
0, 
0, 
0, 
0, 
0, 
0, 
0, 
0, 
0, 
0, 
0, 
0, 
0, 
92, 
0, 
0, 
1, 
0, 
0, 
92, 
92, 
92, 
92, 
92, 
92, 
1, 
1, 
0, 
0, 
0, 
0, 
5, 
98, 
0, 
82, 
137, 
138, 
144, 
118, 
176, 
0, 
143, 
128, 
151, 
70, 
80, 
56, 
71, 
15, 
15, 
0, 
0, 
0, 
0, 
0, 
0, 
0, 
0, 
0, 
0, 
0, 
0, 
0, 
0, 
0, 
1, 
0, 
0, 
0, 
0, 
3, 
3, 
3, 
1, 
1, 
1, 
0, 
0, 
0, 
0, 
0, 
0, 
136, 
112, 
1, 
6, 
112, 
129, 
118, 
141, 
157, 
134, 
151, 
138, 
32, 
32, 
32, 
0, 
0, 
0, 
0, 
0, 
0, 
0, 
0, 
0, 
64, 
0, 
38, 
54, 
0, 
0, 
0, 
121, 
142, 
1, 
106, 
0, 
116, 
112, 
0, 
128, 
0, 
174, 
105, 
0, 
0, 
32, 
0, 
0, 
0, 
0, 
0, 
100, 
146, 
0, 
0, 
134, 
123, 
38, 
114, 
115, 
123, 
108, 
159, 
159, 
106, 
140, 
0, 
128, 
0, 
0, 
132, 
0, 
51, 
61, 
26, 
0, 
0, 
120, 
157, 
149, 
0, 
0, 
100, 
128, 
135, 
152, 
0, 
42, 
35, 
0, 
0, 
0, 
147, 
148, 
149, 
0, 
89, 
137, 
126, 
123, 
153, 
12, 
126, 
80, 
80, 
0, 
94, 
116, 
116, 
92, 
92, 
92, 
0, 
0, 
1, 
0, 
0, 
0, 
0, 
0, 
0, 
0, 
0, 
88, 
0, 
0, 
0, 
0, 
0, 
88, 
82, 
0, 
0, 
0, 
0, 
0, 
138, 
1, 
0, 
0, 
0, 
88, 
120, 
1, 
0, 
0, 
92, 
92, 
1, 
0, 
0, 
0, 
0, 
0, 
0, 
0, 
92, 
0, 
0, 
0, 
0, 
0, 
0, 
0, 
0, 
0, 
0, 
68, 
0, 
0, 
0, 
0, 
0, 
0