0, 
0, 
0, 
0, 
0, 
0, 
0, 
0, 
0, 
0, 
0, 
0, 
0, 
1, 
1, 
1, 
1, 
0, 
0, 
0, 
0, 
0, 
0, 
0, 
0, 
108, 
0, 
124, 
0, 
0, 
0, 
0, 
114, 
60, 
112, 
0, 
0, 
166, 
124, 
69, 
44, 
156, 
134, 
134, 
138, 
3, 
0, 
0, 
0, 
0, 
0, 
54, 
54, 
0, 
0, 
0, 
0, 
0, 
0, 
0, 
0, 
0, 
134, 
134, 
134, 
134, 
134, 
134, 
134, 
0, 
0, 
0, 
0, 
0, 
0, 
0, 
0, 
0, 
5, 
90, 
0, 
118, 
118, 
0, 
118, 
118, 
90, 
116, 
90, 
106, 
90, 
90, 
0, 
122, 
124, 
124, 
110, 
118, 
0, 
98, 
148, 
138, 
30, 
30, 
0, 
0, 
0, 
0, 
0, 
0, 
90, 
90, 
90, 
90, 
90, 
90, 
90, 
90, 
0, 
0, 
0, 
0, 
0, 
0, 
0, 
0, 
142, 
142, 
142, 
142, 
142, 
142, 
142, 
142, 
0, 
0, 
0, 
0, 
0, 
0, 
0, 
0, 
16, 
21, 
5, 
6, 
11, 
5, 
5, 
123, 
34, 
98, 
0, 
34, 
34, 
59, 
50, 
0, 
0, 
0, 
131, 
0, 
0, 
30, 
30, 
0, 
30, 
30, 
0, 
0, 
30, 
0, 
0, 
0, 
0, 
0, 
132, 
128, 
128, 
128, 
0, 
128, 
128, 
0, 
0, 
0, 
0, 
0, 
0, 
0, 
0, 
0, 
10, 
0, 
0, 
0, 
0, 
88, 
89, 
72, 
72, 
0, 
1, 
158, 
114, 
32, 
99, 
2, 
6, 
0, 
98, 
84, 
0, 
0, 
0, 
0, 
0, 
86, 
0, 
0, 
0, 
0, 
86, 
86, 
0, 
90, 
106, 
0, 
0, 
106, 
1, 
0, 
0, 
0, 
0, 
98, 
98, 
98, 
98, 
98, 
98, 
98, 
0, 
0, 
0, 
0, 
0, 
0, 
90, 
99, 
10, 
74, 
20, 
20, 
126, 
160, 
119, 
145, 
6, 
4, 
166, 
2, 
100, 
116, 
84, 
0, 
113, 
1, 
1, 
121, 
6, 
102, 
102, 
18, 
0, 
106, 
90, 
0, 
138, 
1, 
1, 
134, 
0, 
0, 
0, 
0, 
0, 
0, 
0, 
152, 
129, 
136, 
86, 
0, 
158, 
123, 
0, 
118, 
118, 
1, 
112, 
132, 
100, 
0, 
6, 
0, 
130, 
0, 
104, 
130, 
56, 
146, 
138, 
112, 
128, 
0, 
0, 
0, 
152, 
122, 
124, 
128, 
138, 
0, 
164, 
82, 
21, 
159, 
166, 
148, 
112, 
123, 
136, 
154, 
138, 
129, 
136, 
142, 
144, 
81, 
88, 
142, 
158, 
0, 
112, 
0, 
153, 
146, 
153, 
147, 
160, 
122, 
132, 
132, 
116, 
0, 
149, 
130, 
133, 
147, 
158, 
0, 
0, 
54, 
54, 
54, 
0, 
0, 
134, 
0, 
0, 
118, 
0, 
0, 
0, 
0, 
128, 
1, 
0, 
118, 
0, 
0, 
128, 
1, 
0, 
118, 
0, 
0, 
0, 
0, 
0, 
0, 
118, 
0, 
7, 
1, 
0, 
0, 
0, 
0, 
0, 
54, 
0, 
0, 
0, 
0, 
0, 
0, 
1, 
0, 
54, 
0, 
0, 
0, 
0, 
0, 
0, 
0, 
0, 
0, 
0, 
30, 
0, 
0, 
0, 
0, 
0, 
0