0, 
0, 
98, 
98, 
0, 
0, 
136, 
136, 
136, 
0, 
0, 
0, 
0, 
96, 
96, 
96, 
96, 
134, 
134, 
134, 
134, 
134, 
134, 
134, 
134, 
0, 
0, 
128, 
0, 
0, 
0, 
0, 
98, 
0, 
0, 
0, 
0, 
156, 
82, 
124, 
0, 
152, 
136, 
140, 
120, 
120, 
0, 
0, 
0, 
0, 
0, 
0, 
0, 
0, 
0, 
0, 
0, 
0, 
128, 
128, 
128, 
0, 
0, 
0, 
0, 
0, 
0, 
0, 
0, 
0, 
0, 
0, 
0, 
0, 
0, 
0, 
0, 
0, 
0, 
128, 
0, 
0, 
0, 
0, 
0, 
0, 
128, 
128, 
128, 
128, 
128, 
128, 
50, 
50, 
50, 
50, 
98, 
107, 
3, 
124, 
0, 
0, 
90, 
90, 
0, 
90, 
90, 
90, 
90, 
90, 
0, 
0, 
0, 
0, 
0, 
0, 
0, 
0, 
0, 
120, 
120, 
0, 
0, 
0, 
0, 
0, 
0, 
0, 
0, 
0, 
0, 
0, 
0, 
0, 
0, 
0, 
0, 
0, 
0, 
0, 
0, 
0, 
0, 
0, 
0, 
0, 
0, 
0, 
0, 
100, 
0, 
0, 
0, 
0, 
0, 
0, 
0, 
86, 
86, 
0, 
0, 
72, 
72, 
72, 
72, 
72, 
72, 
72, 
0, 
0, 
0, 
0, 
0, 
0, 
0, 
0, 
0, 
0, 
0, 
0, 
0, 
0, 
0, 
0, 
0, 
0, 
120, 
120, 
120, 
120, 
120, 
0, 
0, 
0, 
0, 
0, 
0, 
138, 
138, 
122, 
0, 
0, 
0, 
0, 
100, 
0, 
0, 
0, 
100, 
116, 
126, 
144, 
102, 
118, 
0, 
0, 
94, 
94, 
110, 
110, 
94, 
94, 
0, 
132, 
148, 
148, 
132, 
132, 
132, 
0, 
134, 
0, 
0, 
0, 
0, 
134, 
0, 
142, 
0, 
0, 
142, 
0, 
96, 
112, 
158, 
158, 
142, 
142, 
159, 
159, 
54, 
54, 
54, 
54, 
0, 
0, 
138, 
122, 
0, 
0, 
0, 
0, 
128, 
128, 
160, 
0, 
156, 
0, 
0, 
0, 
0, 
0, 
0, 
0, 
140, 
0, 
0, 
160, 
134, 
150, 
150, 
42, 
0, 
0, 
0, 
0, 
0, 
112, 
120, 
140, 
159, 
159, 
135, 
133, 
0, 
0, 
0, 
159, 
165, 
156, 
152, 
0, 
0, 
124, 
0, 
140, 
114, 
140, 
143, 
115, 
131, 
96, 
58, 
106, 
0, 
0, 
0, 
0, 
133, 
123, 
135, 
131, 
116, 
0, 
0, 
0, 
133, 
152, 
156, 
0, 
2, 
1, 
0, 
96, 
133, 
106, 
0, 
0, 
124, 
134, 
0, 
126, 
150, 
86, 
86, 
118, 
0, 
0, 
3, 
8, 
0, 
0, 
0, 
0, 
134, 
102, 
0, 
0, 
0, 
1, 
0, 
136, 
98, 
0, 
0, 
0, 
0, 
128, 
0, 
0, 
0, 
0, 
90, 
0, 
0, 
72, 
0, 
96, 
0, 
0, 
0, 
0, 
0, 
96, 
0, 
0, 
0, 
0, 
0, 
120, 
0, 
0, 
0, 
0, 
0, 
96, 
0, 
0, 
0, 
0, 
0, 
0, 
0, 
0, 
0, 
0, 
0, 
0, 
96, 
0, 
0, 
0, 
0, 
0, 
0, 
0, 
0, 
0, 
0, 
0, 
0, 
0, 
0, 
0, 
0, 
0, 
0, 
0