0, 
88, 
88, 
88, 
0, 
88, 
0, 
0, 
0, 
0, 
0, 
0, 
88, 
0, 
0, 
88, 
88, 
2, 
1, 
0, 
0, 
0, 
0, 
0, 
108, 
108, 
0, 
3, 
2, 
0, 
108, 
108, 
124, 
124, 
0, 
120, 
7, 
0, 
8, 
0, 
0, 
0, 
0, 
0, 
0, 
0, 
0, 
0, 
0, 
124, 
0, 
0, 
0, 
0, 
0, 
0, 
0, 
173, 
170, 
0, 
124, 
0, 
0, 
0, 
0, 
0, 
170, 
0, 
0, 
0, 
0, 
0, 
0, 
16, 
62, 
0, 
48, 
48, 
48, 
0, 
0, 
0, 
0, 
0, 
0, 
0, 
0, 
0, 
0, 
0, 
0, 
0, 
0, 
0, 
0, 
0, 
0, 
0, 
0, 
0, 
0, 
98, 
0, 
0, 
0, 
0, 
0, 
164, 
120, 
0, 
114, 
135, 
114, 
130, 
127, 
120, 
136, 
176, 
132, 
0, 
0, 
0, 
132, 
0, 
147, 
120, 
158, 
0, 
158, 
0, 
85, 
108, 
85, 
108, 
98, 
157, 
172, 
158, 
121, 
112, 
150, 
160, 
113, 
112, 
158, 
158, 
129, 
0, 
152, 
120, 
0, 
160, 
120, 
0, 
0, 
0, 
0, 
0, 
0, 
0, 
0, 
0, 
0, 
0, 
164, 
0, 
0, 
0, 
0, 
146, 
94, 
102, 
164, 
164, 
1, 
142, 
118, 
118, 
137, 
154, 
100, 
144, 
0, 
0, 
174, 
122, 
176, 
176, 
159, 
44, 
159, 
79, 
121, 
112, 
0, 
113, 
112, 
112, 
121, 
112, 
20, 
20, 
112, 
10, 
100, 
116, 
129, 
134, 
129, 
113, 
128, 
112, 
0, 
100, 
0, 
0, 
136, 
129, 
0, 
0, 
0, 
0, 
129, 
118, 
148, 
118, 
144, 
112, 
160, 
150, 
34, 
9, 
0, 
0, 
0, 
0, 
169, 
161, 
142, 
175, 
176, 
139, 
142, 
139, 
120, 
136, 
120, 
1, 
0, 
0, 
0, 
140, 
0, 
1, 
78, 
0, 
112, 
176, 
0, 
120, 
68, 
120, 
108, 
133, 
108, 
136, 
1, 
112, 
104, 
172, 
80, 
134, 
2, 
50, 
0, 
118, 
0, 
0, 
152, 
134, 
0, 
126, 
128, 
75, 
160, 
66, 
160, 
160, 
78, 
160, 
108, 
152, 
178, 
108, 
168, 
152, 
0, 
152, 
24, 
181, 
133, 
172, 
156, 
1, 
14, 
120, 
118, 
0, 
180, 
166, 
164, 
160, 
177, 
136, 
7, 
0, 
12, 
6, 
75, 
18, 
102, 
141, 
0, 
97, 
0, 
62, 
36, 
36, 
62, 
56, 
135, 
3, 
3, 
0, 
128, 
128, 
156, 
136, 
1, 
0, 
124, 
156, 
124, 
30, 
0, 
50, 
14, 
132, 
0, 
80, 
98, 
120, 
74, 
160, 
0, 
118, 
128, 
128, 
40, 
102, 
108, 
30, 
66, 
28, 
0, 
0, 
0, 
132, 
115, 
56, 
56, 
76, 
0, 
28, 
0, 
0, 
0, 
0, 
0, 
0, 
0, 
88, 
0, 
0, 
0, 
0, 
0, 
0, 
0, 
0, 
0, 
0, 
0, 
22, 
156, 
156, 
156, 
0, 
48, 
66, 
158, 
48, 
0, 
0, 
128, 
0, 
0, 
0, 
0, 
0, 
0, 
83, 
82, 
129, 
0, 
0, 
0, 
110, 
163, 
0, 
138, 
0, 
0, 
148, 
74, 
160, 
144, 
28, 
0, 
0, 
0, 
0, 
62, 
0, 
0, 
0, 
101, 
0, 
0, 
56, 
56, 
0, 
0, 
0, 
0, 
0, 
0, 
0, 
0, 
157, 
0, 
0, 
0, 
0, 
0, 
0, 
0, 
128, 
0, 
156, 
0, 
0, 
0, 
0, 
0, 
0, 
0, 
0, 
0, 
0, 
0, 
0, 
0, 
0, 
0, 
0, 
0, 
0, 
0, 
0, 
0, 
56, 
0, 
56, 
0, 
0, 
0, 
0, 
0, 
37, 
0, 
37, 
0, 
91, 
0, 
91, 
0, 
3, 
0, 
3, 
0, 
0, 
0, 
0, 
0, 
0, 
0, 
0, 
0, 
0, 
0, 
0, 
0, 
0, 
0