0, 
124, 
124, 
124, 
124, 
124, 
124, 
124, 
124, 
30, 
30, 
30, 
30, 
30, 
30, 
30, 
30, 
145, 
147, 
86, 
86, 
86, 
86, 
86, 
144, 
144, 
0, 
144, 
144, 
42, 
100, 
130, 
144, 
146, 
0, 
141, 
101, 
0, 
166, 
168, 
136, 
0, 
0, 
0, 
0, 
0, 
0, 
0, 
0, 
0, 
0, 
0, 
0, 
0, 
0, 
0, 
0, 
138, 
2, 
2, 
0, 
2, 
0, 
0, 
0, 
0, 
4, 
2, 
8, 
0, 
1, 
5, 
128, 
134, 
0, 
0, 
0, 
0, 
0, 
0, 
0, 
0, 
0, 
0, 
0, 
0, 
0, 
0, 
110, 
110, 
110, 
125, 
125, 
102, 
125, 
125, 
119, 
119, 
119, 
124, 
124, 
0, 
0, 
0, 
0, 
0, 
0, 
178, 
166, 
0, 
157, 
157, 
0, 
0, 
0, 
0, 
157, 
2, 
136, 
0, 
3, 
0, 
179, 
0, 
15, 
0, 
0, 
0, 
0, 
130, 
0, 
0, 
0, 
0, 
0, 
0, 
0, 
0, 
0, 
0, 
0, 
0, 
0, 
0, 
0, 
0, 
94, 
94, 
0, 
33, 
41, 
20, 
33, 
33, 
144, 
122, 
94, 
128, 
122, 
124, 
88, 
88, 
159, 
83, 
174, 
124, 
124, 
124, 
124, 
176, 
159, 
157, 
182, 
189, 
7, 
152, 
71, 
5, 
182, 
94, 
147, 
146, 
136, 
120, 
0, 
0, 
0, 
0, 
0, 
0, 
0, 
0, 
0, 
158, 
158, 
0, 
142, 
142, 
0, 
0, 
52, 
52, 
0, 
36, 
36, 
0, 
0, 
0, 
0, 
0, 
94, 
94, 
132, 
94, 
94, 
128, 
180, 
182, 
134, 
178, 
180, 
160, 
159, 
129, 
162, 
159, 
183, 
165, 
177, 
183, 
112, 
0, 
7, 
56, 
40, 
56, 
0, 
0, 
0, 
0, 
0, 
0, 
0, 
0, 
0, 
0, 
142, 
1, 
1, 
142, 
36, 
146, 
0, 
130, 
130, 
36, 
0, 
146, 
0, 
146, 
0, 
0, 
0, 
180, 
161, 
173, 
164, 
144, 
136, 
121, 
161, 
176, 
171, 
30, 
0, 
0, 
164, 
167, 
123, 
123, 
118, 
0, 
0, 
168, 
168, 
168, 
168, 
0, 
0, 
0, 
0, 
155, 
155, 
146, 
146, 
0, 
164, 
0, 
172, 
124, 
194, 
0, 
171, 
174, 
179, 
162, 
166, 
0, 
110, 
110, 
161, 
166, 
150, 
177, 
180, 
174, 
182, 
126, 
126, 
0, 
0, 
0, 
106, 
0, 
106, 
0, 
0, 
0, 
124, 
140, 
32, 
172, 
1, 
110, 
134, 
0, 
0, 
180, 
148, 
126, 
126, 
0, 
106, 
106, 
106, 
0, 
0, 
43, 
34, 
136, 
114, 
165, 
134, 
126, 
144, 
0, 
0, 
0, 
174, 
174, 
106, 
106, 
0, 
1, 
126, 
112, 
136, 
0, 
0, 
174, 
174, 
106, 
122, 
0, 
0, 
0, 
0, 
0, 
0, 
0, 
0, 
0, 
0, 
0, 
0, 
0, 
0, 
0, 
0, 
0, 
0, 
0, 
0, 
0, 
0, 
0, 
0, 
0, 
0, 
0, 
0, 
0, 
0, 
88, 
20, 
33, 
104, 
0, 
0, 
124, 
0, 
0, 
0, 
0, 
0, 
15, 
144, 
0, 
0, 
56, 
0, 
0, 
0, 
0, 
0, 
126, 
0, 
0, 
3, 
122, 
0, 
98, 
0, 
136, 
0, 
110, 
20, 
126, 
0, 
108, 
108, 
0, 
0, 
0, 
0, 
0, 
0, 
0, 
0, 
0, 
0, 
0, 
0, 
0, 
0, 
42, 
0, 
20, 
0, 
0, 
0, 
0, 
0, 
0, 
0, 
0, 
0, 
0, 
0, 
126, 
0, 
126, 
0, 
0, 
0, 
0, 
0, 
0, 
0, 
0, 
0, 
99, 
0, 
99, 
0, 
122, 
0, 
122, 
0, 
0, 
0, 
0, 
0, 
0, 
0, 
0, 
0, 
0, 
0, 
0, 
0, 
0, 
0, 
0, 
0, 
66, 
0, 
66, 
0, 
0, 
0, 
0, 
0, 
0, 
0