0, 
0, 
0, 
0, 
0, 
0, 
0, 
0, 
0, 
5, 
5, 
0, 
0, 
0, 
0, 
0, 
0, 
55, 
0, 
52, 
5, 
0, 
5, 
10, 
0, 
0, 
0, 
0, 
0, 
0, 
0, 
0, 
0, 
0, 
0, 
0, 
0, 
0, 
0, 
0, 
0, 
2, 
4, 
106, 
106, 
0, 
0, 
0, 
0, 
15, 
4, 
15, 
6, 
1, 
106, 
106, 
106, 
1, 
48, 
65, 
80, 
8, 
49, 
11, 
0, 
179, 
48, 
58, 
0, 
0, 
0, 
0, 
115, 
0, 
0, 
70, 
70, 
0, 
0, 
0, 
0, 
0, 
0, 
118, 
106, 
115, 
106, 
106, 
106, 
106, 
106, 
3, 
0, 
0, 
0, 
0, 
0, 
0, 
0, 
130, 
137, 
133, 
0, 
130, 
4, 
0, 
1, 
130, 
130, 
177, 
130, 
130, 
139, 
80, 
0, 
0, 
0, 
0, 
173, 
0, 
162, 
0, 
164, 
118, 
115, 
0, 
128, 
128, 
3, 
0, 
104, 
130, 
142, 
1, 
0, 
139, 
139, 
70, 
32, 
150, 
150, 
98, 
34, 
34, 
99, 
99, 
166, 
151, 
115, 
89, 
111, 
117, 
105, 
105, 
0, 
0, 
150, 
98, 
0, 
0, 
0, 
0, 
0, 
174, 
174, 
0, 
174, 
0, 
133, 
0, 
0, 
0, 
0, 
0, 
22, 
168, 
0, 
162, 
158, 
125, 
125, 
147, 
126, 
3, 
110, 
116, 
14, 
74, 
142, 
111, 
138, 
145, 
125, 
66, 
65, 
125, 
64, 
150, 
150, 
150, 
1, 
0, 
164, 
150, 
149, 
158, 
161, 
152, 
170, 
176, 
177, 
174, 
164, 
177, 
168, 
168, 
72, 
0, 
159, 
143, 
0, 
13, 
0, 
0, 
0, 
0, 
0, 
15, 
0, 
0, 
7, 
15, 
0, 
126, 
125, 
141, 
162, 
146, 
126, 
171, 
146, 
126, 
150, 
162, 
159, 
142, 
142, 
84, 
1, 
38, 
3, 
0, 
110, 
127, 
138, 
110, 
156, 
134, 
134, 
98, 
77, 
145, 
0, 
1, 
1, 
0, 
4, 
0, 
0, 
0, 
0, 
82, 
56, 
0, 
0, 
0, 
142, 
110, 
126, 
0, 
0, 
0, 
122, 
127, 
145, 
145, 
100, 
160, 
0, 
0, 
0, 
0, 
140, 
0, 
160, 
104, 
0, 
150, 
6, 
6, 
4, 
0, 
0, 
154, 
155, 
148, 
0, 
0, 
0, 
142, 
0, 
126, 
142, 
169, 
185, 
138, 
150, 
180, 
112, 
160, 
168, 
144, 
112, 
0, 
104, 
104, 
0, 
0, 
0, 
0, 
0, 
148, 
124, 
121, 
125, 
5, 
150, 
168, 
165, 
154, 
3, 
128, 
0, 
0, 
0, 
32, 
32, 
0, 
0, 
0, 
0, 
124, 
124, 
129, 
116, 
25, 
181, 
156, 
0, 
0, 
0, 
0, 
43, 
160, 
144, 
126, 
120, 
181, 
156, 
0, 
0, 
0, 
0, 
90, 
0, 
0, 
0, 
0, 
0, 
0, 
6, 
0, 
106, 
6, 
0, 
0, 
0, 
0, 
0, 
0, 
0, 
4, 
106, 
138, 
138, 
139, 
70, 
6, 
34, 
34, 
99, 
0, 
0, 
3, 
90, 
90, 
88, 
4, 
0, 
137, 
0, 
104, 
138, 
32, 
150, 
98, 
0, 
13, 
28, 
141, 
0, 
110, 
0, 
0, 
0, 
167, 
0, 
98, 
120, 
0, 
0, 
0, 
0, 
0, 
0, 
0, 
0, 
96, 
0, 
0, 
0, 
0, 
0, 
4, 
0, 
0, 
0, 
5, 
0, 
99, 
0, 
0, 
0, 
146, 
0, 
0, 
0, 
110, 
0, 
70, 
0, 
106, 
0, 
0, 
0, 
0, 
138, 
6, 
0, 
114, 
0, 
114, 
0, 
0, 
0, 
0, 
0, 
0, 
0, 
0, 
0, 
0, 
0, 
0, 
0, 
0, 
0, 
0, 
0, 
0, 
0, 
0, 
0, 
0, 
0, 
0, 
0, 
133, 
0, 
133, 
0, 
0, 
0, 
0, 
0, 
141, 
0, 
141, 
0, 
0, 
0, 
0, 
0, 
0, 
0