0, 
116, 
116, 
116, 
0, 
116, 
0, 
0, 
0, 
0, 
0, 
0, 
0, 
0, 
0, 
116, 
0, 
0, 
0, 
0, 
0, 
0, 
1, 
0, 
0, 
0, 
0, 
0, 
0, 
0, 
18, 
18, 
0, 
0, 
0, 
6, 
6, 
0, 
0, 
0, 
0, 
0, 
96, 
0, 
0, 
96, 
96, 
96, 
96, 
98, 
70, 
70, 
70, 
70, 
70, 
118, 
70, 
99, 
98, 
98, 
107, 
98, 
98, 
98, 
129, 
0, 
44, 
0, 
0, 
0, 
0, 
0, 
138, 
0, 
122, 
0, 
0, 
0, 
30, 
0, 
0, 
0, 
30, 
30, 
0, 
0, 
0, 
30, 
0, 
0, 
0, 
138, 
132, 
132, 
0, 
132, 
132, 
0, 
0, 
0, 
0, 
0, 
54, 
0, 
0, 
132, 
0, 
0, 
98, 
0, 
0, 
0, 
0, 
0, 
44, 
129, 
89, 
116, 
108, 
108, 
136, 
131, 
0, 
1, 
0, 
0, 
0, 
94, 
100, 
68, 
0, 
0, 
0, 
0, 
128, 
0, 
0, 
128, 
128, 
128, 
0, 
0, 
128, 
128, 
0, 
0, 
0, 
0, 
0, 
0, 
138, 
0, 
138, 
138, 
159, 
159, 
0, 
0, 
138, 
138, 
0, 
132, 
146, 
0, 
0, 
159, 
0, 
159, 
0, 
0, 
0, 
76, 
0, 
0, 
0, 
0, 
0, 
0, 
0, 
143, 
0, 
0, 
131, 
0, 
0, 
0, 
0, 
0, 
128, 
0, 
0, 
128, 
144, 
128, 
3, 
128, 
128, 
0, 
128, 
0, 
2, 
2, 
0, 
0, 
0, 
0, 
0, 
0, 
0, 
102, 
0, 
0, 
102, 
0, 
0, 
0, 
0, 
64, 
118, 
102, 
146, 
159, 
166, 
86, 
76, 
86, 
40, 
0, 
66, 
0, 
0, 
0, 
0, 
131, 
143, 
99, 
146, 
165, 
162, 
120, 
146, 
136, 
138, 
0, 
0, 
128, 
3, 
0, 
0, 
3, 
2, 
90, 
74, 
74, 
0, 
2, 
0, 
0, 
152, 
178, 
102, 
157, 
168, 
0, 
132, 
177, 
116, 
132, 
143, 
188, 
188, 
0, 
148, 
0, 
0, 
0, 
148, 
148, 
145, 
145, 
126, 
153, 
163, 
138, 
0, 
0, 
0, 
0, 
74, 
0, 
99, 
140, 
140, 
126, 
135, 
102, 
16, 
96, 
0, 
1, 
4, 
172, 
171, 
183, 
148, 
0, 
0, 
0, 
171, 
161, 
179, 
179, 
157, 
126, 
147, 
160, 
2, 
122, 
134, 
3, 
0, 
137, 
121, 
88, 
137, 
118, 
140, 
144, 
128, 
112, 
156, 
100, 
0, 
110, 
152, 
149, 
124, 
175, 
171, 
122, 
1, 
1, 
0, 
0, 
126, 
100, 
0, 
24, 
0, 
134, 
144, 
132, 
110, 
110, 
36, 
162, 
171, 
0, 
1, 
1, 
0, 
0, 
0, 
0, 
126, 
0, 
0, 
0, 
0, 
2, 
2, 
0, 
0, 
0, 
108, 
108, 
108, 
108, 
108, 
108, 
0, 
116, 
118, 
98, 
0, 
0, 
0, 
0, 
0, 
96, 
96, 
0, 
0, 
0, 
0, 
0, 
0, 
0, 
128, 
0, 
0, 
30, 
30, 
138, 
0, 
138, 
138, 
0, 
132, 
0, 
0, 
0, 
0, 
0, 
0, 
138, 
159, 
0, 
0, 
99, 
0, 
0, 
0, 
0, 
0, 
126, 
0, 
5, 
0, 
0, 
0, 
0, 
0, 
0, 
30, 
30, 
102, 
54, 
54, 
2, 
2, 
118, 
0, 
0, 
0, 
0, 
0, 
0, 
0, 
0, 
0, 
132, 
0, 
0, 
0, 
0, 
0, 
0, 
0, 
0, 
0, 
0, 
0, 
0, 
0, 
0, 
0, 
0, 
0, 
126, 
0, 
126, 
0, 
0, 
0, 
0, 
0, 
13, 
0, 
13, 
0, 
2, 
0, 
2, 
0, 
0, 
0, 
0, 
0, 
0, 
0, 
0, 
0, 
0, 
0, 
0, 
0, 
0, 
0, 
0, 
0, 
0, 
0, 
0, 
0, 
54, 
0, 
54, 
0, 
0, 
0, 
0, 
0, 
0, 
0