0, 
0, 
102, 
102, 
102, 
102, 
102, 
0, 
102, 
44, 
44, 
0, 
44, 
44, 
44, 
44, 
44, 
10, 
10, 
20, 
10, 
10, 
10, 
10, 
166, 
166, 
0, 
0, 
0, 
0, 
146, 
151, 
177, 
177, 
0, 
145, 
155, 
0, 
152, 
146, 
0, 
0, 
0, 
0, 
0, 
0, 
0, 
0, 
0, 
62, 
0, 
0, 
0, 
0, 
0, 
0, 
0, 
99, 
96, 
0, 
78, 
62, 
0, 
0, 
1, 
0, 
120, 
0, 
137, 
135, 
145, 
112, 
162, 
142, 
152, 
58, 
74, 
58, 
0, 
0, 
0, 
0, 
0, 
0, 
0, 
120, 
134, 
0, 
0, 
0, 
0, 
0, 
0, 
0, 
157, 
146, 
146, 
146, 
146, 
0, 
0, 
0, 
0, 
0, 
0, 
0, 
0, 
146, 
146, 
0, 
0, 
78, 
0, 
62, 
161, 
2, 
146, 
120, 
169, 
172, 
146, 
164, 
150, 
138, 
176, 
153, 
147, 
142, 
168, 
154, 
118, 
0, 
0, 
0, 
0, 
0, 
0, 
0, 
0, 
1, 
1, 
0, 
1, 
1, 
1, 
1, 
0, 
110, 
0, 
0, 
110, 
0, 
120, 
145, 
0, 
0, 
126, 
110, 
0, 
0, 
110, 
0, 
0, 
0, 
0, 
0, 
0, 
0, 
0, 
96, 
162, 
16, 
0, 
146, 
130, 
129, 
165, 
161, 
114, 
116, 
133, 
137, 
158, 
174, 
174, 
0, 
118, 
134, 
0, 
118, 
134, 
118, 
136, 
136, 
0, 
0, 
124, 
124, 
124, 
124, 
0, 
0, 
0, 
0, 
0, 
0, 
0, 
0, 
0, 
150, 
0, 
5, 
11, 
0, 
5, 
11, 
134, 
0, 
5, 
0, 
0, 
6, 
42, 
112, 
16, 
37, 
185, 
159, 
166, 
151, 
155, 
160, 
0, 
116, 
6, 
130, 
118, 
118, 
18, 
118, 
148, 
11, 
11, 
11, 
0, 
136, 
136, 
0, 
0, 
0, 
0, 
13, 
13, 
7, 
0, 
0, 
0, 
8, 
166, 
172, 
180, 
177, 
160, 
175, 
146, 
167, 
123, 
164, 
152, 
166, 
192, 
20, 
162, 
162, 
19, 
6, 
131, 
131, 
135, 
135, 
18, 
23, 
16, 
0, 
48, 
0, 
72, 
48, 
0, 
72, 
19, 
78, 
131, 
0, 
104, 
136, 
140, 
116, 
127, 
138, 
114, 
138, 
156, 
0, 
172, 
44, 
156, 
0, 
102, 
113, 
113, 
116, 
59, 
0, 
0, 
5, 
0, 
0, 
0, 
0, 
0, 
0, 
128, 
0, 
128, 
116, 
116, 
128, 
128, 
122, 
118, 
0, 
0, 
109, 
109, 
0, 
58, 
0, 
84, 
84, 
0, 
0, 
170, 
176, 
118, 
134, 
144, 
0, 
1, 
0, 
0, 
44, 
109, 
109, 
0, 
0, 
84, 
84, 
0, 
0, 
164, 
167, 
147, 
147, 
118, 
0, 
0, 
100, 
100, 
0, 
0, 
167, 
134, 
171, 
0, 
102, 
0, 
0, 
0, 
0, 
44, 
0, 
0, 
0, 
146, 
0, 
0, 
0, 
0, 
0, 
0, 
0, 
0, 
0, 
0, 
58, 
58, 
58, 
0, 
1, 
1, 
0, 
0, 
134, 
145, 
151, 
145, 
157, 
0, 
0, 
0, 
0, 
0, 
0, 
0, 
126, 
0, 
0, 
166, 
120, 
0, 
0, 
0, 
0, 
0, 
118, 
0, 
171, 
0, 
134, 
102, 
0, 
152, 
0, 
0, 
0, 
0, 
100, 
100, 
0, 
0, 
0, 
0, 
0, 
0, 
0, 
0, 
0, 
146, 
0, 
0, 
0, 
0, 
0, 
0, 
0, 
0, 
120, 
0, 
58, 
0, 
0, 
0, 
0, 
0, 
0, 
0, 
0, 
94, 
110, 
94, 
110, 
0, 
0, 
0, 
0, 
0, 
100, 
0, 
100, 
0, 
0, 
0, 
0, 
0, 
118, 
0, 
118, 
0, 
146, 
0, 
146, 
0, 
0, 
0, 
0, 
0, 
0, 
0, 
0, 
0, 
0, 
0, 
0, 
0, 
0, 
0, 
0, 
0, 
162, 
0, 
162, 
0, 
152, 
0