0, 
0, 
0, 
0, 
0, 
0, 
0, 
0, 
0, 
0, 
0, 
0, 
0, 
0, 
0, 
0, 
0, 
162, 
146, 
146, 
0, 
0, 
0, 
0, 
36, 
0, 
0, 
162, 
146, 
0, 
8, 
8, 
2, 
2, 
0, 
8, 
0, 
0, 
58, 
42, 
0, 
0, 
0, 
0, 
0, 
0, 
0, 
0, 
0, 
154, 
0, 
154, 
154, 
0, 
0, 
154, 
0, 
42, 
156, 
156, 
0, 
156, 
156, 
170, 
84, 
86, 
85, 
147, 
91, 
62, 
155, 
118, 
10, 
28, 
26, 
146, 
0, 
125, 
60, 
0, 
0, 
60, 
60, 
138, 
138, 
163, 
154, 
0, 
0, 
154, 
0, 
0, 
0, 
0, 
0, 
0, 
0, 
0, 
0, 
0, 
0, 
0, 
0, 
0, 
0, 
0, 
0, 
10, 
26, 
0, 
0, 
0, 
0, 
0, 
0, 
0, 
42, 
42, 
165, 
152, 
174, 
164, 
96, 
128, 
166, 
137, 
14, 
15, 
160, 
0, 
40, 
105, 
40, 
130, 
144, 
146, 
114, 
151, 
150, 
145, 
148, 
171, 
151, 
152, 
148, 
162, 
138, 
12, 
178, 
161, 
12, 
162, 
150, 
11, 
0, 
0, 
12, 
0, 
0, 
0, 
12, 
0, 
8, 
8, 
10, 
0, 
0, 
0, 
0, 
158, 
10, 
16, 
20, 
20, 
0, 
86, 
0, 
56, 
101, 
145, 
132, 
159, 
104, 
14, 
151, 
171, 
142, 
147, 
162, 
127, 
142, 
111, 
150, 
98, 
98, 
118, 
102, 
0, 
102, 
118, 
0, 
0, 
155, 
0, 
14, 
138, 
156, 
161, 
172, 
50, 
161, 
124, 
0, 
148, 
1, 
1, 
131, 
131, 
0, 
0, 
0, 
0, 
146, 
8, 
142, 
16, 
10, 
2, 
158, 
166, 
2, 
0, 
0, 
104, 
104, 
120, 
0, 
161, 
124, 
0, 
136, 
161, 
84, 
64, 
156, 
163, 
158, 
154, 
0, 
158, 
0, 
173, 
22, 
168, 
155, 
48, 
167, 
147, 
148, 
146, 
151, 
146, 
166, 
185, 
169, 
166, 
157, 
0, 
0, 
54, 
5, 
148, 
0, 
0, 
136, 
148, 
0, 
194, 
0, 
181, 
175, 
174, 
138, 
113, 
49, 
48, 
8, 
37, 
0, 
8, 
140, 
10, 
30, 
104, 
104, 
146, 
146, 
146, 
196, 
178, 
190, 
147, 
80, 
0, 
0, 
0, 
136, 
0, 
0, 
0, 
0, 
174, 
162, 
168, 
166, 
169, 
146, 
180, 
21, 
114, 
46, 
3, 
0, 
6, 
20, 
147, 
169, 
183, 
172, 
146, 
0, 
0, 
0, 
0, 
0, 
1, 
138, 
164, 
150, 
180, 
0, 
118, 
118, 
133, 
0, 
163, 
152, 
0, 
154, 
0, 
0, 
0, 
0, 
0, 
0, 
142, 
162, 
18, 
0, 
144, 
148, 
73, 
163, 
161, 
0, 
0, 
150, 
147, 
0, 
0, 
110, 
73, 
62, 
162, 
0, 
0, 
0, 
0, 
0, 
0, 
154, 
0, 
0, 
154, 
0, 
0, 
0, 
0, 
0, 
0, 
0, 
0, 
0, 
146, 
146, 
146, 
153, 
146, 
147, 
147, 
138, 
60, 
138, 
11, 
154, 
154, 
154, 
154, 
0, 
0, 
0, 
40, 
40, 
131, 
118, 
12, 
0, 
0, 
38, 
120, 
0, 
0, 
0, 
0, 
0, 
0, 
0, 
162, 
126, 
62, 
0, 
0, 
0, 
0, 
60, 
0, 
0, 
110, 
0, 
0, 
0, 
0, 
0, 
154, 
0, 
0, 
0, 
0, 
0, 
164, 
0, 
0, 
38, 
0, 
0, 
0, 
0, 
138, 
0, 
126, 
0, 
0, 
0, 
0, 
0, 
0, 
0, 
146, 
0, 
0, 
0, 
0, 
0, 
0, 
0, 
0, 
0, 
0, 
0, 
0, 
0, 
0, 
0, 
0, 
0, 
0, 
0, 
0, 
0, 
160, 
0, 
160, 
0, 
0, 
0, 
0, 
0, 
0, 
0, 
0, 
0, 
0, 
0, 
0, 
104, 
120, 
104, 
120, 
0, 
7, 
0, 
7, 
0, 
0, 
0