0, 
129, 
130, 
70, 
104, 
104, 
0, 
0, 
104, 
135, 
135, 
0, 
124, 
88, 
0, 
124, 
70, 
141, 
136, 
147, 
144, 
0, 
151, 
149, 
38, 
56, 
32, 
112, 
32, 
0, 
158, 
0, 
0, 
48, 
0, 
181, 
0, 
0, 
4, 
6, 
0, 
28, 
22, 
10, 
158, 
10, 
10, 
10, 
15, 
0, 
88, 
158, 
0, 
159, 
159, 
161, 
158, 
0, 
134, 
144, 
0, 
0, 
128, 
0, 
112, 
144, 
118, 
149, 
142, 
112, 
177, 
174, 
161, 
179, 
187, 
0, 
0, 
0, 
134, 
0, 
0, 
0, 
0, 
134, 
0, 
0, 
0, 
134, 
0, 
0, 
0, 
104, 
104, 
104, 
104, 
104, 
12, 
0, 
0, 
160, 
160, 
149, 
157, 
158, 
149, 
148, 
148, 
108, 
108, 
154, 
154, 
0, 
154, 
0, 
173, 
156, 
124, 
0, 
98, 
67, 
172, 
8, 
66, 
0, 
0, 
0, 
0, 
124, 
0, 
182, 
0, 
0, 
0, 
0, 
144, 
0, 
0, 
144, 
176, 
178, 
184, 
96, 
165, 
171, 
169, 
0, 
0, 
130, 
96, 
130, 
130, 
0, 
0, 
130, 
0, 
0, 
130, 
0, 
0, 
136, 
136, 
104, 
103, 
108, 
94, 
103, 
116, 
139, 
143, 
118, 
108, 
125, 
94, 
124, 
163, 
163, 
138, 
181, 
0, 
138, 
158, 
0, 
160, 
0, 
0, 
102, 
0, 
0, 
102, 
0, 
0, 
102, 
117, 
150, 
146, 
117, 
137, 
157, 
153, 
178, 
154, 
159, 
127, 
166, 
125, 
96, 
135, 
96, 
126, 
0, 
120, 
0, 
0, 
1, 
0, 
0, 
40, 
137, 
24, 
40, 
24, 
24, 
129, 
160, 
154, 
149, 
0, 
112, 
0, 
45, 
143, 
145, 
158, 
162, 
175, 
119, 
0, 
128, 
160, 
0, 
0, 
144, 
128, 
0, 
0, 
102, 
136, 
0, 
0, 
138, 
151, 
125, 
141, 
148, 
90, 
162, 
150, 
79, 
0, 
0, 
0, 
0, 
0, 
53, 
53, 
0, 
60, 
0, 
0, 
0, 
110, 
139, 
0, 
114, 
174, 
138, 
0, 
0, 
0, 
0, 
72, 
66, 
66, 
0, 
16, 
0, 
0, 
16, 
46, 
0, 
122, 
50, 
50, 
81, 
85, 
0, 
0, 
56, 
28, 
28, 
60, 
94, 
0, 
0, 
166, 
171, 
189, 
160, 
0, 
0, 
0, 
0, 
40, 
40, 
167, 
72, 
138, 
163, 
0, 
154, 
5, 
0, 
24, 
0, 
24, 
0, 
130, 
130, 
0, 
94, 
94, 
124, 
149, 
0, 
0, 
176, 
0, 
148, 
0, 
148, 
0, 
0, 
0, 
0, 
0, 
130, 
130, 
110, 
94, 
110, 
110, 
124, 
0, 
0, 
150, 
176, 
0, 
0, 
1, 
1, 
0, 
0, 
130, 
130, 
0, 
9, 
150, 
0, 
0, 
2, 
2, 
0, 
0, 
146, 
5, 
104, 
5, 
5, 
5, 
5, 
121, 
124, 
163, 
108, 
0, 
0, 
0, 
0, 
0, 
10, 
10, 
89, 
159, 
0, 
0, 
0, 
0, 
0, 
142, 
134, 
134, 
134, 
134, 
136, 
0, 
0, 
0, 
0, 
130, 
157, 
0, 
0, 
0, 
136, 
188, 
130, 
84, 
0, 
0, 
119, 
0, 
0, 
160, 
0, 
0, 
0, 
0, 
146, 
0, 
0, 
0, 
0, 
0, 
0, 
0, 
0, 
110, 
0, 
0, 
108, 
108, 
0, 
0, 
0, 
0, 
0, 
0, 
128, 
0, 
0, 
0, 
28, 
0, 
0, 
70, 
0, 
0, 
0, 
0, 
0, 
0, 
104, 
0, 
0, 
0, 
0, 
0, 
0, 
0, 
0, 
0, 
0, 
0, 
0, 
0, 
0, 
0, 
0, 
0, 
0, 
0, 
2, 
0, 
2, 
0, 
0, 
0, 
0, 
130, 
146, 
130, 
146, 
0, 
110, 
0, 
110, 
0, 
0, 
0, 
0, 
0, 
123, 
0, 
123, 
0, 
0, 
0, 
0, 
0, 
0, 
0, 
0, 
0, 
0, 
0