0, 
157, 
176, 
176, 
175, 
176, 
163, 
162, 
163, 
151, 
144, 
0, 
116, 
132, 
116, 
157, 
161, 
177, 
177, 
176, 
175, 
120, 
161, 
157, 
160, 
143, 
110, 
135, 
173, 
126, 
152, 
166, 
183, 
184, 
150, 
174, 
3, 
0, 
73, 
148, 
0, 
152, 
152, 
155, 
155, 
152, 
152, 
155, 
155, 
136, 
34, 
136, 
152, 
34, 
136, 
136, 
110, 
80, 
138, 
165, 
80, 
164, 
173, 
165, 
0, 
119, 
0, 
142, 
166, 
93, 
72, 
150, 
148, 
174, 
73, 
16, 
16, 
0, 
0, 
3, 
0, 
0, 
0, 
0, 
0, 
0, 
7, 
0, 
0, 
0, 
0, 
138, 
138, 
146, 
138, 
138, 
138, 
138, 
138, 
164, 
134, 
38, 
157, 
157, 
38, 
146, 
146, 
0, 
0, 
104, 
0, 
0, 
38, 
0, 
0, 
0, 
0, 
0, 
189, 
20, 
0, 
10, 
178, 
11, 
114, 
66, 
86, 
66, 
82, 
148, 
158, 
14, 
158, 
0, 
0, 
158, 
0, 
0, 
0, 
0, 
0, 
0, 
0, 
0, 
0, 
0, 
0, 
0, 
0, 
0, 
0, 
0, 
0, 
7, 
110, 
112, 
34, 
72, 
81, 
157, 
59, 
59, 
143, 
120, 
104, 
104, 
104, 
62, 
134, 
0, 
0, 
104, 
0, 
0, 
138, 
162, 
0, 
98, 
161, 
130, 
118, 
144, 
139, 
95, 
0, 
0, 
0, 
0, 
0, 
14, 
14, 
0, 
0, 
26, 
39, 
26, 
42, 
42, 
26, 
0, 
30, 
0, 
0, 
100, 
100, 
0, 
100, 
0, 
0, 
0, 
0, 
0, 
106, 
0, 
0, 
0, 
0, 
126, 
0, 
106, 
133, 
122, 
0, 
110, 
0, 
139, 
0, 
122, 
0, 
0, 
138, 
147, 
54, 
182, 
144, 
90, 
120, 
0, 
38, 
1, 
1, 
0, 
70, 
54, 
104, 
0, 
0, 
104, 
0, 
10, 
10, 
0, 
0, 
0, 
0, 
0, 
0, 
0, 
0, 
0, 
0, 
0, 
0, 
0, 
0, 
0, 
0, 
0, 
0, 
0, 
0, 
188, 
54, 
86, 
182, 
70, 
136, 
0, 
152, 
120, 
0, 
0, 
120, 
130, 
0, 
105, 
104, 
0, 
0, 
0, 
0, 
148, 
0, 
0, 
0, 
0, 
0, 
0, 
0, 
0, 
0, 
0, 
0, 
0, 
181, 
156, 
167, 
1, 
0, 
0, 
120, 
0, 
0, 
50, 
162, 
105, 
131, 
185, 
181, 
118, 
179, 
185, 
160, 
183, 
1, 
0, 
0, 
0, 
0, 
0, 
0, 
0, 
162, 
0, 
0, 
162, 
1, 
0, 
174, 
193, 
134, 
184, 
174, 
122, 
86, 
20, 
20, 
0, 
0, 
0, 
0, 
0, 
0, 
0, 
130, 
160, 
138, 
125, 
130, 
179, 
173, 
105, 
20, 
20, 
0, 
0, 
144, 
139, 
112, 
166, 
108, 
128, 
102, 
0, 
121, 
121, 
0, 
102, 
102, 
102, 
136, 
154, 
34, 
167, 
1, 
50, 
1, 
1, 
1, 
0, 
0, 
0, 
32, 
158, 
16, 
16, 
16, 
16, 
0, 
0, 
0, 
0, 
0, 
7, 
7, 
7, 
138, 
7, 
157, 
38, 
158, 
158, 
158, 
0, 
100, 
34, 
123, 
0, 
0, 
32, 
0, 
96, 
133, 
4, 
0, 
0, 
0, 
0, 
132, 
102, 
163, 
0, 
148, 
0, 
0, 
0, 
0, 
110, 
22, 
0, 
155, 
0, 
13, 
0, 
96, 
0, 
102, 
123, 
1, 
0, 
16, 
50, 
0, 
0, 
0, 
156, 
0, 
0, 
158, 
0, 
120, 
109, 
0, 
0, 
0, 
108, 
0, 
0, 
0, 
0, 
0, 
0, 
0, 
0, 
0, 
0, 
0, 
22, 
0, 
22, 
0, 
0, 
0, 
0, 
86, 
102, 
86, 
102, 
0, 
0, 
0, 
0, 
0, 
0, 
0, 
0, 
0, 
0, 
0, 
0, 
0, 
0, 
0, 
0, 
0, 
0, 
0, 
0, 
66, 
82, 
66, 
82, 
0, 
7, 
0