0, 
0, 
0, 
0, 
0, 
0, 
0, 
0, 
0, 
44, 
0, 
0, 
0, 
0, 
0, 
0, 
0, 
0, 
0, 
0, 
0, 
0, 
44, 
0, 
0, 
0, 
0, 
0, 
0, 
0, 
0, 
0, 
0, 
0, 
0, 
0, 
0, 
0, 
113, 
134, 
0, 
0, 
0, 
26, 
26, 
0, 
0, 
26, 
26, 
123, 
114, 
104, 
34, 
72, 
72, 
22, 
22, 
166, 
155, 
1, 
165, 
108, 
50, 
50, 
96, 
0, 
0, 
0, 
0, 
0, 
136, 
1, 
136, 
134, 
113, 
0, 
0, 
0, 
0, 
0, 
0, 
0, 
0, 
0, 
0, 
0, 
0, 
0, 
0, 
0, 
0, 
138, 
144, 
108, 
0, 
119, 
119, 
98, 
119, 
18, 
9, 
88, 
9, 
9, 
86, 
0, 
0, 
172, 
182, 
100, 
148, 
164, 
80, 
124, 
32, 
112, 
0, 
0, 
114, 
88, 
121, 
112, 
137, 
98, 
156, 
149, 
157, 
152, 
160, 
96, 
0, 
0, 
0, 
0, 
0, 
0, 
0, 
0, 
0, 
0, 
0, 
0, 
0, 
0, 
0, 
0, 
0, 
0, 
0, 
0, 
0, 
0, 
0, 
0, 
0, 
0, 
0, 
138, 
138, 
9, 
138, 
138, 
4, 
84, 
100, 
9, 
11, 
4, 
13, 
0, 
0, 
0, 
0, 
0, 
0, 
32, 
0, 
56, 
0, 
190, 
126, 
160, 
161, 
160, 
0, 
3, 
0, 
0, 
0, 
0, 
0, 
0, 
0, 
138, 
138, 
0, 
0, 
0, 
0, 
0, 
0, 
0, 
0, 
0, 
0, 
0, 
0, 
0, 
0, 
0, 
0, 
0, 
0, 
0, 
0, 
0, 
130, 
139, 
0, 
140, 
140, 
106, 
114, 
0, 
0, 
0, 
141, 
0, 
102, 
0, 
146, 
3, 
4, 
179, 
158, 
158, 
134, 
167, 
160, 
118, 
118, 
6, 
170, 
154, 
170, 
3, 
164, 
155, 
125, 
164, 
43, 
62, 
124, 
0, 
0, 
34, 
0, 
62, 
0, 
0, 
0, 
0, 
134, 
0, 
0, 
0, 
0, 
118, 
102, 
102, 
163, 
168, 
131, 
0, 
152, 
0, 
64, 
181, 
54, 
179, 
179, 
184, 
170, 
172, 
163, 
177, 
147, 
150, 
179, 
124, 
124, 
146, 
66, 
162, 
78, 
134, 
144, 
118, 
0, 
0, 
0, 
0, 
58, 
49, 
48, 
138, 
0, 
3, 
0, 
81, 
128, 
144, 
123, 
8, 
152, 
176, 
174, 
0, 
4, 
151, 
150, 
4, 
104, 
173, 
149, 
158, 
169, 
142, 
174, 
0, 
0, 
170, 
0, 
144, 
112, 
166, 
146, 
120, 
7, 
132, 
148, 
133, 
135, 
146, 
182, 
0, 
0, 
0, 
0, 
0, 
0, 
163, 
166, 
132, 
162, 
120, 
0, 
148, 
158, 
108, 
134, 
150, 
176, 
0, 
166, 
164, 
1, 
11, 
11, 
8, 
56, 
62, 
150, 
176, 
26, 
26, 
0, 
26, 
0, 
0, 
44, 
0, 
0, 
63, 
119, 
119, 
98, 
98, 
0, 
0, 
0, 
70, 
70, 
0, 
0, 
0, 
0, 
0, 
0, 
0, 
0, 
0, 
0, 
0, 
0, 
0, 
0, 
0, 
138, 
75, 
0, 
0, 
0, 
0, 
0, 
138, 
106, 
0, 
0, 
0, 
24, 
0, 
0, 
9, 
106, 
133, 
108, 
0, 
164, 
0, 
0, 
0, 
96, 
0, 
0, 
0, 
0, 
38, 
38, 
8, 
8, 
0, 
0, 
0, 
0, 
0, 
0, 
0, 
0, 
0, 
0, 
108, 
0, 
24, 
0, 
0, 
0, 
0, 
0, 
0, 
0, 
26, 
0, 
0, 
0, 
0, 
0, 
0, 
0, 
0, 
0, 
0, 
0, 
0, 
0, 
0, 
0, 
32, 
0, 
32, 
0, 
0, 
0, 
0, 
0, 
0, 
0, 
0, 
0, 
0, 
0, 
0, 
0, 
0, 
0, 
0, 
0, 
0, 
0, 
0, 
0, 
0, 
0, 
0, 
0, 
0, 
0, 
0, 
0, 
153, 
0, 
153, 
0, 
88, 
0