0, 
0, 
118, 
118, 
156, 
160, 
160, 
0, 
156, 
158, 
177, 
158, 
158, 
158, 
6, 
118, 
118, 
129, 
145, 
147, 
163, 
129, 
164, 
170, 
116, 
155, 
0, 
82, 
82, 
1, 
160, 
173, 
187, 
199, 
154, 
112, 
127, 
0, 
127, 
128, 
0, 
118, 
118, 
0, 
154, 
0, 
0, 
0, 
0, 
10, 
108, 
10, 
10, 
154, 
154, 
154, 
154, 
0, 
0, 
0, 
10, 
10, 
0, 
10, 
0, 
128, 
0, 
0, 
112, 
136, 
0, 
0, 
124, 
142, 
128, 
0, 
0, 
0, 
0, 
0, 
0, 
0, 
0, 
0, 
0, 
0, 
0, 
0, 
0, 
0, 
0, 
0, 
108, 
108, 
0, 
108, 
108, 
0, 
0, 
0, 
0, 
108, 
130, 
118, 
30, 
130, 
118, 
0, 
0, 
0, 
108, 
108, 
124, 
124, 
0, 
0, 
0, 
0, 
0, 
0, 
0, 
112, 
0, 
0, 
124, 
44, 
140, 
140, 
140, 
128, 
0, 
0, 
0, 
0, 
0, 
0, 
0, 
0, 
0, 
0, 
0, 
0, 
0, 
0, 
0, 
0, 
0, 
0, 
0, 
0, 
0, 
0, 
0, 
0, 
146, 
146, 
0, 
0, 
146, 
0, 
0, 
108, 
156, 
140, 
0, 
167, 
140, 
146, 
0, 
3, 
0, 
1, 
2, 
0, 
142, 
142, 
116, 
116, 
0, 
44, 
0, 
125, 
0, 
140, 
42, 
106, 
0, 
0, 
0, 
0, 
0, 
0, 
0, 
0, 
13, 
0, 
0, 
26, 
0, 
13, 
13, 
0, 
0, 
26, 
0, 
0, 
0, 
0, 
0, 
36, 
0, 
0, 
0, 
0, 
0, 
0, 
0, 
36, 
0, 
0, 
160, 
146, 
138, 
62, 
2, 
140, 
0, 
0, 
0, 
0, 
0, 
0, 
0, 
0, 
140, 
0, 
125, 
113, 
123, 
96, 
115, 
124, 
121, 
145, 
156, 
5, 
140, 
156, 
134, 
140, 
0, 
186, 
134, 
156, 
156, 
0, 
0, 
172, 
147, 
157, 
52, 
52, 
155, 
157, 
138, 
154, 
12, 
0, 
0, 
0, 
0, 
1, 
0, 
0, 
0, 
0, 
156, 
144, 
129, 
106, 
52, 
30, 
104, 
104, 
28, 
145, 
0, 
134, 
174, 
146, 
176, 
133, 
148, 
179, 
160, 
136, 
141, 
140, 
118, 
12, 
34, 
102, 
0, 
0, 
0, 
0, 
0, 
0, 
162, 
144, 
187, 
177, 
176, 
176, 
28, 
35, 
45, 
28, 
0, 
44, 
108, 
0, 
111, 
129, 
136, 
104, 
88, 
141, 
0, 
140, 
96, 
0, 
0, 
185, 
180, 
146, 
147, 
143, 
0, 
0, 
88, 
88, 
135, 
129, 
135, 
110, 
136, 
101, 
96, 
91, 
98, 
0, 
187, 
192, 
144, 
114, 
0, 
170, 
180, 
131, 
144, 
147, 
0, 
112, 
168, 
130, 
130, 
100, 
154, 
172, 
134, 
125, 
112, 
0, 
0, 
156, 
0, 
0, 
0, 
156, 
0, 
0, 
154, 
0, 
114, 
114, 
114, 
114, 
114, 
114, 
114, 
118, 
154, 
0, 
0, 
0, 
0, 
0, 
0, 
0, 
0, 
0, 
0, 
0, 
0, 
0, 
0, 
0, 
108, 
0, 
0, 
0, 
0, 
0, 
13, 
0, 
146, 
0, 
58, 
0, 
66, 
11, 
0, 
108, 
0, 
160, 
14, 
0, 
130, 
112, 
156, 
0, 
128, 
0, 
0, 
0, 
98, 
142, 
142, 
163, 
163, 
0, 
0, 
0, 
136, 
0, 
156, 
134, 
0, 
0, 
0, 
118, 
0, 
72, 
118, 
126, 
0, 
0, 
0, 
0, 
102, 
154, 
0, 
0, 
0, 
118, 
0, 
0, 
0, 
130, 
0, 
130, 
0, 
114, 
0, 
114, 
0, 
1, 
0, 
1, 
0, 
104, 
0, 
104, 
0, 
96, 
0, 
96, 
0, 
0, 
0, 
0, 
0, 
78, 
0, 
78, 
0, 
0, 
0, 
0, 
0, 
0, 
0, 
0, 
0, 
0, 
0, 
0, 
0, 
149, 
0, 
149, 
0, 
76, 
0