0, 
28, 
28, 
0, 
44, 
28, 
28, 
0, 
0, 
26, 
26, 
0, 
26, 
26, 
0, 
26, 
0, 
128, 
145, 
128, 
112, 
0, 
112, 
112, 
133, 
148, 
0, 
140, 
151, 
132, 
36, 
114, 
51, 
12, 
4, 
52, 
114, 
88, 
1, 
1, 
34, 
0, 
0, 
0, 
0, 
0, 
0, 
0, 
0, 
0, 
0, 
0, 
0, 
0, 
0, 
0, 
0, 
50, 
66, 
113, 
0, 
0, 
0, 
0, 
132, 
133, 
74, 
73, 
67, 
133, 
121, 
114, 
126, 
1, 
144, 
38, 
38, 
0, 
0, 
38, 
0, 
0, 
0, 
0, 
0, 
0, 
0, 
0, 
0, 
0, 
0, 
0, 
134, 
134, 
134, 
134, 
134, 
0, 
134, 
0, 
0, 
0, 
0, 
0, 
0, 
0, 
0, 
0, 
0, 
0, 
0, 
0, 
0, 
0, 
18, 
0, 
18, 
50, 
92, 
35, 
85, 
132, 
115, 
114, 
126, 
119, 
126, 
126, 
147, 
164, 
147, 
147, 
149, 
92, 
0, 
92, 
92, 
92, 
0, 
0, 
0, 
0, 
0, 
0, 
0, 
0, 
0, 
0, 
0, 
0, 
0, 
0, 
0, 
0, 
80, 
106, 
0, 
81, 
81, 
81, 
18, 
81, 
85, 
0, 
0, 
98, 
0, 
81, 
0, 
0, 
148, 
0, 
0, 
18, 
148, 
92, 
174, 
85, 
116, 
130, 
114, 
114, 
130, 
126, 
146, 
102, 
130, 
130, 
42, 
147, 
147, 
42, 
0, 
0, 
0, 
0, 
0, 
0, 
0, 
0, 
0, 
0, 
0, 
0, 
0, 
0, 
0, 
0, 
0, 
0, 
0, 
0, 
0, 
0, 
0, 
0, 
72, 
85, 
0, 
115, 
124, 
102, 
4, 
0, 
0, 
0, 
7, 
148, 
0, 
164, 
87, 
87, 
142, 
130, 
130, 
130, 
0, 
0, 
118, 
130, 
118, 
118, 
102, 
118, 
160, 
0, 
128, 
160, 
6, 
128, 
0, 
0, 
6, 
0, 
0, 
0, 
0, 
0, 
0, 
0, 
0, 
0, 
0, 
6, 
6, 
4, 
2, 
0, 
0, 
165, 
0, 
150, 
170, 
171, 
163, 
150, 
0, 
134, 
0, 
134, 
137, 
134, 
3, 
152, 
152, 
152, 
152, 
6, 
96, 
13, 
13, 
112, 
0, 
96, 
0, 
0, 
0, 
0, 
134, 
163, 
2, 
161, 
156, 
88, 
138, 
116, 
173, 
177, 
0, 
164, 
0, 
132, 
135, 
141, 
130, 
106, 
128, 
126, 
0, 
128, 
0, 
96, 
0, 
120, 
0, 
5, 
44, 
60, 
5, 
146, 
159, 
6, 
0, 
146, 
146, 
184, 
160, 
106, 
126, 
126, 
0, 
0, 
160, 
144, 
144, 
152, 
168, 
157, 
157, 
157, 
162, 
0, 
146, 
146, 
175, 
159, 
142, 
142, 
0, 
128, 
176, 
1, 
0, 
152, 
23, 
146, 
164, 
142, 
191, 
192, 
108, 
1, 
0, 
0, 
0, 
0, 
0, 
0, 
0, 
0, 
26, 
0, 
28, 
26, 
134, 
0, 
0, 
0, 
0, 
0, 
0, 
0, 
0, 
92, 
38, 
94, 
94, 
38, 
0, 
0, 
0, 
0, 
0, 
0, 
0, 
0, 
0, 
0, 
18, 
0, 
147, 
147, 
147, 
0, 
0, 
0, 
123, 
130, 
137, 
130, 
0, 
0, 
172, 
0, 
0, 
23, 
0, 
0, 
146, 
0, 
0, 
88, 
157, 
32, 
0, 
0, 
162, 
142, 
142, 
145, 
145, 
0, 
38, 
0, 
0, 
0, 
0, 
0, 
0, 
0, 
0, 
134, 
0, 
0, 
0, 
0, 
0, 
0, 
0, 
0, 
0, 
28, 
0, 
0, 
0, 
0, 
0, 
0, 
0, 
3, 
0, 
3, 
0, 
155, 
0, 
155, 
0, 
34, 
0, 
34, 
0, 
124, 
0, 
124, 
0, 
0, 
0, 
0, 
0, 
0, 
0, 
0, 
126, 
142, 
126, 
142, 
0, 
0, 
0, 
0, 
0, 
168, 
0, 
168, 
0, 
0, 
0, 
0, 
0, 
0, 
0, 
0, 
0, 
110, 
0