0, 
94, 
94, 
94, 
102, 
76, 
76, 
0, 
76, 
128, 
128, 
0, 
128, 
117, 
106, 
116, 
106, 
140, 
124, 
140, 
124, 
0, 
136, 
104, 
0, 
0, 
0, 
0, 
0, 
0, 
156, 
156, 
0, 
0, 
0, 
0, 
0, 
0, 
0, 
0, 
0, 
0, 
0, 
0, 
0, 
0, 
0, 
0, 
0, 
0, 
0, 
0, 
0, 
0, 
0, 
94, 
0, 
0, 
0, 
124, 
0, 
0, 
116, 
0, 
140, 
140, 
140, 
140, 
140, 
140, 
138, 
104, 
138, 
0, 
0, 
0, 
0, 
0, 
0, 
0, 
0, 
0, 
0, 
0, 
104, 
0, 
98, 
0, 
104, 
104, 
104, 
102, 
102, 
0, 
144, 
144, 
144, 
147, 
144, 
0, 
0, 
0, 
0, 
0, 
0, 
0, 
0, 
0, 
0, 
0, 
0, 
0, 
0, 
0, 
0, 
0, 
0, 
0, 
142, 
152, 
132, 
147, 
136, 
155, 
148, 
160, 
147, 
147, 
147, 
0, 
0, 
0, 
0, 
0, 
142, 
0, 
0, 
142, 
142, 
142, 
136, 
136, 
142, 
142, 
136, 
136, 
101, 
117, 
147, 
132, 
132, 
147, 
131, 
136, 
123, 
123, 
79, 
123, 
123, 
123, 
73, 
52, 
44, 
0, 
0, 
122, 
0, 
122, 
0, 
138, 
138, 
122, 
138, 
138, 
138, 
0, 
138, 
0, 
0, 
0, 
0, 
0, 
0, 
147, 
106, 
114, 
122, 
106, 
130, 
106, 
106, 
130, 
146, 
130, 
18, 
130, 
130, 
18, 
13, 
13, 
34, 
138, 
154, 
18, 
138, 
138, 
136, 
153, 
110, 
178, 
138, 
114, 
98, 
142, 
114, 
99, 
44, 
60, 
171, 
45, 
60, 
0, 
0, 
122, 
122, 
122, 
0, 
138, 
0, 
138, 
0, 
0, 
5, 
0, 
0, 
0, 
0, 
1, 
5, 
0, 
0, 
114, 
1, 
114, 
112, 
139, 
96, 
127, 
139, 
96, 
99, 
19, 
132, 
110, 
110, 
116, 
110, 
5, 
58, 
58, 
146, 
58, 
0, 
0, 
0, 
0, 
0, 
150, 
0, 
182, 
0, 
5, 
0, 
5, 
5, 
5, 
0, 
0, 
0, 
0, 
0, 
3, 
0, 
150, 
162, 
99, 
131, 
167, 
166, 
172, 
169, 
156, 
49, 
3, 
6, 
32, 
4, 
4, 
8, 
166, 
1, 
45, 
150, 
122, 
0, 
0, 
5, 
11, 
0, 
0, 
0, 
0, 
0, 
145, 
163, 
84, 
139, 
127, 
0, 
150, 
0, 
156, 
141, 
165, 
52, 
38, 
182, 
0, 
4, 
16, 
147, 
122, 
0, 
162, 
162, 
149, 
144, 
169, 
167, 
104, 
0, 
0, 
112, 
170, 
158, 
182, 
28, 
60, 
56, 
175, 
171, 
0, 
136, 
136, 
149, 
161, 
104, 
104, 
0, 
0, 
110, 
151, 
112, 
4, 
88, 
144, 
161, 
133, 
120, 
0, 
0, 
113, 
134, 
0, 
0, 
76, 
102, 
102, 
102, 
102, 
128, 
94, 
94, 
116, 
144, 
0, 
140, 
4, 
4, 
4, 
0, 
0, 
0, 
0, 
0, 
0, 
0, 
0, 
142, 
0, 
0, 
0, 
0, 
116, 
130, 
130, 
98, 
98, 
0, 
0, 
0, 
0, 
0, 
3, 
0, 
103, 
122, 
0, 
106, 
0, 
0, 
0, 
11, 
0, 
0, 
88, 
0, 
0, 
144, 
0, 
76, 
0, 
0, 
0, 
0, 
104, 
133, 
120, 
120, 
0, 
0, 
0, 
0, 
0, 
0, 
76, 
76, 
0, 
140, 
0, 
0, 
0, 
106, 
0, 
0, 
0, 
0, 
0, 
0, 
142, 
0, 
0, 
0, 
0, 
0, 
0, 
0, 
0, 
0, 
0, 
0, 
0, 
128, 
144, 
128, 
144, 
0, 
120, 
0, 
120, 
0, 
0, 
0, 
0, 
0, 
0, 
0, 
0, 
0, 
0, 
0, 
0, 
0, 
90, 
0, 
90, 
0, 
0, 
0, 
0, 
5, 
11, 
5, 
11, 
0, 
0, 
0, 
0, 
0, 
144, 
0, 
144, 
0, 
0, 
0