0, 
161, 
122, 
0, 
140, 
140, 
140, 
0, 
140, 
156, 
156, 
0, 
122, 
122, 
0, 
122, 
122, 
131, 
122, 
159, 
106, 
0, 
172, 
172, 
0, 
0, 
0, 
157, 
0, 
0, 
0, 
0, 
116, 
0, 
0, 
0, 
0, 
0, 
0, 
0, 
0, 
156, 
154, 
159, 
159, 
145, 
151, 
151, 
126, 
36, 
72, 
65, 
58, 
58, 
142, 
50, 
142, 
159, 
99, 
88, 
83, 
84, 
157, 
52, 
171, 
179, 
170, 
158, 
132, 
152, 
1, 
100, 
0, 
0, 
0, 
0, 
0, 
0, 
0, 
0, 
0, 
0, 
0, 
0, 
0, 
0, 
0, 
0, 
0, 
0, 
0, 
156, 
156, 
156, 
0, 
110, 
94, 
94, 
94, 
132, 
132, 
129, 
132, 
148, 
132, 
148, 
148, 
134, 
142, 
154, 
150, 
38, 
67, 
64, 
142, 
169, 
158, 
182, 
142, 
163, 
140, 
167, 
0, 
104, 
0, 
3, 
0, 
0, 
0, 
0, 
0, 
0, 
0, 
0, 
0, 
0, 
0, 
0, 
0, 
0, 
0, 
0, 
0, 
0, 
0, 
0, 
0, 
0, 
0, 
0, 
0, 
0, 
0, 
0, 
104, 
104, 
13, 
26, 
156, 
156, 
156, 
156, 
149, 
151, 
152, 
137, 
114, 
96, 
122, 
130, 
0, 
147, 
139, 
0, 
0, 
0, 
0, 
0, 
0, 
128, 
144, 
0, 
64, 
0, 
0, 
0, 
0, 
0, 
0, 
0, 
0, 
0, 
0, 
0, 
0, 
0, 
0, 
0, 
0, 
0, 
0, 
0, 
0, 
0, 
0, 
0, 
0, 
0, 
9, 
4, 
0, 
0, 
104, 
0, 
0, 
13, 
118, 
116, 
68, 
130, 
129, 
125, 
97, 
120, 
129, 
146, 
128, 
0, 
134, 
98, 
0, 
0, 
146, 
48, 
32, 
0, 
0, 
0, 
0, 
0, 
0, 
0, 
0, 
0, 
0, 
0, 
0, 
166, 
166, 
166, 
166, 
110, 
1, 
5, 
9, 
0, 
4, 
6, 
6, 
0, 
4, 
0, 
0, 
38, 
38, 
38, 
152, 
147, 
139, 
146, 
142, 
137, 
126, 
0, 
121, 
110, 
27, 
7, 
13, 
0, 
1, 
0, 
0, 
0, 
22, 
48, 
48, 
0, 
134, 
3, 
126, 
148, 
151, 
150, 
142, 
94, 
0, 
6, 
120, 
120, 
146, 
128, 
126, 
159, 
159, 
152, 
121, 
0, 
168, 
0, 
0, 
0, 
1, 
1, 
0, 
1, 
0, 
0, 
3, 
0, 
0, 
2, 
118, 
0, 
133, 
124, 
156, 
0, 
0, 
0, 
0, 
152, 
147, 
0, 
134, 
182, 
138, 
138, 
74, 
90, 
157, 
178, 
107, 
102, 
137, 
0, 
142, 
0, 
128, 
0, 
28, 
147, 
0, 
2, 
173, 
182, 
75, 
160, 
181, 
179, 
105, 
143, 
0, 
0, 
0, 
154, 
173, 
128, 
176, 
182, 
166, 
151, 
171, 
0, 
140, 
140, 
126, 
0, 
0, 
0, 
122, 
122, 
142, 
36, 
94, 
94, 
0, 
0, 
0, 
126, 
126, 
156, 
159, 
0, 
0, 
0, 
0, 
0, 
0, 
0, 
0, 
0, 
0, 
0, 
0, 
0, 
0, 
0, 
156, 
138, 
0, 
0, 
0, 
0, 
0, 
0, 
109, 
0, 
0, 
0, 
0, 
6, 
0, 
0, 
150, 
2, 
0, 
0, 
154, 
186, 
0, 
0, 
0, 
0, 
0, 
0, 
112, 
118, 
102, 
4, 
98, 
126, 
0, 
0, 
0, 
0, 
0, 
0, 
0, 
0, 
0, 
135, 
0, 
0, 
0, 
0, 
0, 
0, 
0, 
0, 
0, 
157, 
0, 
0, 
0, 
0, 
0, 
0, 
0, 
0, 
0, 
0, 
138, 
154, 
138, 
154, 
0, 
0, 
0, 
0, 
0, 
0, 
0, 
0, 
0, 
153, 
0, 
153, 
0, 
0, 
0, 
0, 
0, 
0, 
0, 
0, 
3, 
133, 
3, 
133, 
0, 
0, 
0, 
0, 
0, 
0, 
0, 
0, 
0, 
0, 
0, 
0, 
0, 
0, 
0