0, 
0, 
0, 
0, 
156, 
140, 
0, 
0, 
140, 
152, 
136, 
0, 
0, 
0, 
0, 
0, 
0, 
72, 
72, 
72, 
72, 
0, 
152, 
136, 
184, 
174, 
120, 
150, 
149, 
120, 
156, 
154, 
192, 
178, 
152, 
167, 
156, 
0, 
117, 
169, 
116, 
0, 
0, 
0, 
0, 
0, 
0, 
0, 
0, 
0, 
0, 
0, 
0, 
0, 
0, 
0, 
0, 
58, 
0, 
0, 
42, 
0, 
136, 
0, 
60, 
134, 
44, 
110, 
190, 
179, 
150, 
165, 
98, 
139, 
122, 
0, 
106, 
106, 
106, 
106, 
106, 
106, 
106, 
0, 
106, 
106, 
106, 
0, 
0, 
0, 
0, 
0, 
0, 
0, 
0, 
0, 
0, 
0, 
0, 
0, 
0, 
0, 
0, 
0, 
0, 
0, 
0, 
116, 
103, 
0, 
100, 
42, 
0, 
0, 
76, 
137, 
120, 
68, 
181, 
136, 
186, 
152, 
163, 
5, 
15, 
0, 
38, 
8, 
0, 
64, 
130, 
5, 
130, 
130, 
100, 
130, 
0, 
100, 
100, 
100, 
4, 
5, 
100, 
100, 
3, 
5, 
124, 
68, 
5, 
68, 
68, 
5, 
111, 
68, 
0, 
0, 
68, 
0, 
0, 
0, 
0, 
0, 
80, 
95, 
80, 
0, 
26, 
0, 
0, 
108, 
113, 
114, 
102, 
119, 
154, 
184, 
92, 
183, 
176, 
175, 
173, 
160, 
122, 
0, 
96, 
96, 
112, 
104, 
96, 
112, 
104, 
96, 
11, 
0, 
70, 
5, 
55, 
54, 
0, 
0, 
70, 
47, 
122, 
54, 
122, 
122, 
122, 
122, 
85, 
66, 
125, 
0, 
0, 
122, 
0, 
0, 
96, 
154, 
0, 
0, 
96, 
0, 
178, 
137, 
129, 
118, 
96, 
132, 
123, 
108, 
164, 
178, 
163, 
151, 
146, 
122, 
0, 
0, 
0, 
0, 
0, 
0, 
0, 
0, 
138, 
0, 
0, 
138, 
120, 
0, 
0, 
0, 
120, 
66, 
82, 
0, 
75, 
0, 
44, 
44, 
44, 
44, 
44, 
158, 
161, 
167, 
132, 
108, 
131, 
160, 
181, 
106, 
179, 
172, 
122, 
0, 
0, 
0, 
0, 
0, 
0, 
0, 
0, 
138, 
138, 
138, 
138, 
120, 
120, 
120, 
120, 
0, 
0, 
0, 
0, 
44, 
44, 
44, 
186, 
152, 
137, 
146, 
172, 
161, 
129, 
78, 
1, 
1, 
94, 
94, 
94, 
94, 
114, 
114, 
106, 
0, 
138, 
106, 
1, 
138, 
120, 
1, 
4, 
120, 
4, 
86, 
86, 
155, 
155, 
188, 
165, 
140, 
0, 
94, 
94, 
114, 
114, 
114, 
106, 
106, 
1, 
1, 
138, 
138, 
138, 
86, 
86, 
174, 
167, 
152, 
114, 
1, 
110, 
110, 
130, 
114, 
106, 
106, 
1, 
1, 
138, 
138, 
102, 
102, 
110, 
130, 
130, 
122, 
122, 
2, 
2, 
138, 
154, 
102, 
140, 
140, 
0, 
0, 
0, 
0, 
0, 
0, 
0, 
136, 
0, 
0, 
0, 
0, 
0, 
0, 
0, 
0, 
0, 
130, 
0, 
0, 
0, 
0, 
100, 
0, 
0, 
0, 
0, 
0, 
106, 
106, 
0, 
106, 
0, 
0, 
0, 
130, 
130, 
5, 
54, 
68, 
0, 
0, 
0, 
122, 
0, 
0, 
1, 
0, 
0, 
110, 
0, 
102, 
130, 
154, 
140, 
122, 
49, 
140, 
106, 
0, 
114, 
122, 
122, 
2, 
2, 
0, 
0, 
0, 
0, 
0, 
0, 
0, 
0, 
0, 
0, 
0, 
80, 
0, 
0, 
0, 
0, 
106, 
130, 
100, 
0, 
140, 
0, 
0, 
80, 
0, 
0, 
0, 
0, 
94, 
0, 
94, 
0, 
114, 
0, 
114, 
0, 
106, 
0, 
106, 
0, 
1, 
0, 
1, 
138, 
154, 
138, 
154, 
0, 
86, 
0, 
86, 
0, 
114, 
0, 
114, 
0, 
0, 
0, 
0, 
0, 
0, 
0, 
0, 
0, 
106, 
0, 
106, 
0, 
0, 
0, 
0, 
0, 
3, 
0