16
17
18
19
15
16
17
18
19
20
21
18
19
20
21
20
20
21
22
20
21
22
20
21
21
22
20
21
22
21
22
21
22
21
22
23
22
21
22
23
22
23
23
22
23
-2
-1
0
1
-3
-1
0
2
4
5
6
7
5
6
7
8
10
11
12
13
10
12
13
12
14
15
16
14
15
16
17
16
17
18
16
17
18
19
17
18
18
19
18
19
20
19
19
20
19
20
20
20
20
21
21
21
-1
0
1
-2
-1
0
1
0
2
3
4
2
3
4
5
3
7
8
9
6
7
8
9
7
11
12
10
11
12
13
11
12
13
14
15
13
14
15
14
15
15
16
17
15
16
17
16
17
18
17
18
18
19
18
19
19
19
20
20
-1
0
-1
0
1
-1
0
2
3
1
2
3
2
3
5
6
4
5
6
7
5
6
8
9
10
8
9
10
8
9
11
12
11
12
11
12
13
14
13
14
13
14
15
16
15
16
16
17
16
17
17
18
18
18
19
-1
0
-1
0
-1
0
1
2
1
2
3
1
2
4
5
3
4
5
4
6
7
8
6
7
8
7
9
10
9
10
9
10
11
12
11
12
11
12
13
14
13
14
14
15
15
15
16
16
17
17
0
-1
0
1
2
1
2
3
4
3
4
5
6
5
6
7
8
7
8
9
10
9
10
12
11
12
13
13
14
15
16
-1
0
-1
1
1
2
3
3
4
5
4
5
6
7
6
7
8
9
8
10
10
11
11
12
12
13
14
14
15
-1
0
1
2
3
4
5
6
7
8
9
10
11
12
13
0
1
2
2
3
4
5
6
7
8
9
9
10
11
3
4
5
6
7
8
19
20
-2
1
0
3
4
11
14
15
16
-1
8
9
-2
7
19
17
19
4
6
4
21
22
17
2
13
6
10
23
11
18
5
-1
18
23
13
5
2
-2
1
10
15
0
8
10
13
20
-3
-1
16
-2
1
3
7
11
12
-1
14
9
-2
19
21
17
2
4
6
22
