0.0
898.0
1158.0
866.0
971.0
1172.0
1007.0
248.0
842.0
1335.0
1062.0
169.0
752.0
659.0
324.0
875.0
710.0
976.0
949.0
1343.0
989.0
96.0
1470.0
1225.0
1029.0
889.0
254.0
1077.0
972.0
336.0
1097.0
1150.0
1047.0
745.0
134.0
761.0
714.0
205.0
1377.0
1428.0
296.0
536.0
752.0
588.0
516.0
547.0
491.0
633.0
573.0
900.0
738.0
784.0
781.0
591.0
637.0
842.0
656.0
945.0
1019.0
1003.0
893.0
1114.0
1385.0
910.0
922.0
1091.0
843.0
803.0
1076.0
991.0
1303.0
1266.0
1262.0
1359.0
1209.0
617.0
497.0
325.0
216.0
274.0
114.0
316.0
72.0
284.0
442.0
575.0
824.0
150.0
350.0
596.0
442.0
1001.0
989.0
854.0
822.0
1110.0
977.0
790.0
805.0
845.0
1045.0
989.0
749.0
719.0
803.0
688.0
735.0
1106.0
926.0
944.0
1182.0
782.0
914.0
649.0
1027.0
762.0
1028.0
729.0
1563.0
1210.0
1337.0
1294.0
1320.0
1432.0
1428.0
1320.0
1146.0
1137.0
1417.0
1143.0
483.0
485.0
452.0
373.0
490.0
510.0
478.0
761.0
496.0
492.0
579.0
658.0
569.0
555.0
514.0
662.0
465.0
447.0
675.0
431.0
530.0
681.0
726.0
727.0
755.0
752.0
436.0
754.0
886.0
856.0
852.0
877.0
947.0
854.0
772.0
1037.0
1052.0
927.0
1017.0
1078.0
975.0
800.0
809.0
990.0
1045.0
990.0
794.0
913.0
1051.0
1329.0
990.0
1132.0
1165.0
1231.0
940.0
848.0
902.0
881.0
862.0
859.0
789.0
783.0
871.0
1244.0
950.0
631.0
938.0
863.0
374.0
537.0
858.0
853.0
754.0
694.0
468.0
552.0
546.0
564.0
577.0
777.0
810.0
630.0
744.0
646.0
475.0
713.0
1016.0
1028.0
699.0
603.0
776.0
674.0
1049.0
951.0
997.0
1042.0
824.0
1138.0
841.0
1150.0
1055.0
928.0
753.0
1004.0
845.0
1159.0
632.0
844.0
1067.0
859.0
1018.0
963.0
1048.0
1117.0
1039.0
1159.0
1292.0
1291.0
1093.0
1104.0
1067.0
1137.0
1066.0
1217.0
981.0
1059.0
823.0
887.0
827.0
1084.0
935.0
981.0
608.0
1032.0
1011.0
1311.0
1214.0
933.0
678.0
1156.0
891.0
1242.0
1080.0
922.0
990.0
793.0
757.0
1040.0
664.0
891.0
1153.0
918.0
1019.0
1281.0
1170.0
1241.0
1127.0
833.0
874.0
793.0
1231.0
1434.0
1508.0
1228.0
1129.0
1112.0
914.0
701.0
1270.0
1327.0
1345.0
1190.0
1231.0
1105.0
1402.0
1061.0
1338.0
694.0
933.0
884.0
1006.0
1161.0
1193.0
1160.0
1416.0
1336.0
1569.0
1348.0
896.0
1140.0
644.0
1060.0
1328.0
722.0
1413.0
1168.0
1321.0
1001.0
917.0
1191.0
1002.0
1020.0
721.0
1060.0
1284.0
1063.0
1141.0
1329.0
1358.0
1525.0
1050.0
1179.0
1482.0
1293.0
1212.0
1103.0
1173.0
724.0
908.0
868.0
876.0
781.0
970.0
1105.0
1016.0
1224.0
1244.0
1109.0
1084.0
1183.0
1524.0
1576.0
1231.0
676.0
807.0
1111.0
1271.0
1435.0
1027.0
979.0
1272.0
1578.0
1564.0
947.0
493.0
668.0
241.0
137.0
232.0
232.0
953.0
705.0
885.0
1154.0
721.0
424.0
452.0
316.0
164.0
394.0
390.0
904.0
749.0
309.0
328.0
690.0
613.0
495.0
559.0
313.0
354.0
216.0
214.0
850.0
799.0
1023.0
1003.0
847.0
644.0
1174.0
168.0
230.0
208.0
237.0
560.0
473.0
785.0
406.0
828.0
1018.0
226.0
116.0
524.0
155.0
150.0
942.0
20.0
807.0
913.0
1194.0
578.0
247.0
908.0
372.0
72.0
362.0
662.0
1382.0
1006.0
499.0
747.0
208.0
39.0
246.0
0.0
76.0
206.0
464.0
286.0
384.0
236.0
551.0
442.0
226.0
240.0
270.0
0.0
511.0
0.0
478.0
102.0
783.0
130.0
114.0
212.0
278.0
5.0
146.0
94.0
648.0
94.0
648.0
266.0
405.0
266.0
405.0
64.0
630.0
64.0
630.0
0.0
449.0
0.0
449.0
128.0
778.0
128.0
778.0
94.0
564.0
94.0
564.0
97.0
327.0
97.0
327.0
29.0
387.0
29.0
387.0
81.0
357.0
81.0
357.0
104.0
673.0
104.0
673.0
0.0
741.0
0.0
741.0
0.0
568.0
0.0
