0.0
134.0
290.0
174.0
134.0
134.0
336.0
349.0
349.0
323.0
470.0
597.0
327.0
545.0
545.0
545.0
545.0
489.0
657.0
470.0
668.0
668.0
544.0
668.0
668.0
759.0
424.0
785.0
722.0
548.0
664.0
611.0
1214.0
528.0
768.0
463.0
122.0
941.0
1155.0
540.0
339.0
1147.0
848.0
557.0
750.0
434.0
56.0
174.0
175.0
56.0
2.0
505.0
520.0
2.0
64.0
112.0
260.0
64.0
478.0
478.0
462.0
64.0
10.0
243.0
243.0
10.0
386.0
386.0
386.0
249.0
362.0
595.0
460.0
755.0
768.0
768.0
627.0
579.0
675.0
659.0
326.0
668.0
735.0
675.0
747.0
747.0
718.0
879.0
595.0
615.0
940.0
541.0
963.0
700.0
920.0
804.0
1233.0
969.0
1136.0
1055.0
1011.0
1329.0
374.0
374.0
453.0
356.0
421.0
421.0
361.0
421.0
597.0
637.0
460.0
427.0
559.0
559.0
389.0
544.0
267.0
414.0
405.0
244.0
478.0
478.0
358.0
374.0
292.0
292.0
302.0
243.0
243.0
266.0
243.0
243.0
555.0
290.0
444.0
325.0
303.0
303.0
303.0
303.0
532.0
609.0
603.0
550.0
441.0
429.0
375.0
1066.0
717.0
884.0
648.0
741.0
549.0
714.0
707.0
1304.0
1424.0
984.0
622.0
535.0
535.0
414.0
430.0
408.0
414.0
414.0
318.0
583.0
585.0
472.0
472.0
472.0
472.0
548.0
542.0
345.0
365.0
355.0
294.0
331.0
331.0
707.0
621.0
678.0
583.0
583.0
589.0
583.0
583.0
505.0
528.0
513.0
513.0
497.0
497.0
369.0
506.0
288.0
324.0
387.0
405.0
492.0
730.0
515.0
608.0
865.0
1056.0
703.0
1040.0
1147.0
988.0
1096.0
633.0
657.0
480.0
689.0
381.0
525.0
371.0
371.0
509.0
718.0
504.0
602.0
684.0
348.0
383.0
610.0
664.0
779.0
709.0
682.0
666.0
509.0
723.0
630.0
650.0
712.0
1062.0
638.0
583.0
535.0
698.0
846.0
612.0
597.0
698.0
711.0
821.0
938.0
648.0
648.0
616.0
914.0
412.0
590.0
746.0
924.0
685.0
1013.0
1335.0
1279.0
1230.0
819.0
1157.0
623.0
1070.0
947.0
1101.0
681.0
840.0
620.0
541.0
498.0
555.0
595.0
559.0
693.0
409.0
677.0
565.0
439.0
406.0
1001.0
727.0
725.0
687.0
814.0
1150.0
987.0
1068.0
861.0
930.0
1252.0
679.0
1002.0
1234.0
892.0
574.0
1005.0
990.0
731.0
874.0
621.0
909.0
511.0
755.0
970.0
880.0
677.0
740.0
918.0
816.0
789.0
716.0
814.0
1065.0
1010.0
877.0
1192.0
1063.0
704.0
994.0
629.0
658.0
1202.0
1292.0
358.0
820.0
1018.0
911.0
862.0
1039.0
645.0
631.0
1325.0
1508.0
948.0
798.0
755.0
1031.0
857.0
1090.0
830.0
1068.0
1271.0
1359.0
1008.0
868.0
1048.0
987.0
979.0
1026.0
584.0
692.0
881.0
974.0
685.0
748.0
238.0
156.0
520.0
520.0
486.0
116.0
398.0
379.0
595.0
737.0
440.0
421.0
475.0
475.0
300.0
242.0
428.0
737.0
589.0
305.0
371.0
331.0
425.0
668.0
447.0
305.0
303.0
331.0
545.0
243.0
148.0
442.0
331.0
218.0
375.0
228.0
371.0
290.0
344.0
127.0
127.0
277.0
248.0
112.0
6.0
64.0
64.0
219.0
226.0
318.0
187.0
208.0
208.0
170.0
328.0
52.0
64.0
60.0
106.0
160.0
114.0
2.0
0.0
110.0
0.0
132.0
40.0
